#	Simulation	Obj	b0__FREE	b1__FREE	b2__FREE	b3__FREE	gamma__FREE	mult__FREE	r__FREE	t0__FREE	t1__FREE	t2__FREE	t3__FREE
	gen14ind14	1029.3558038378255	0.0778942176549911	0.9996172771536007	0.6088583351355354	1.2269959225497105	0.5870344940206726	5967.933880477655	3413.056083449392	0.00474709503765817	12.559506760633246	16.785057269774338	2.061918609355489
	gen18ind7	1034.281088358057	0.07669329125652184	0.9963976932060302	0.6470013803547163	1.2072205916032481	0.5864440851366822	6096.17833664435	3100.241491641815	0.009711023260262883	12.546798618033337	16.469182191297293	2.21762328514677
	gen18ind1	1041.6508439724876	0.07870689205416662	0.9996172771536007	0.5968615992298599	1.2269959225497105	0.5870344940206726	5904.972842688062	3589.9371938587115	0.00474709503765817	12.559506760633246	16.785057269774338	2.0087426483507835
	gen17ind8	1056.298542529664	0.0778942176549911	0.9996172771536007	0.5989445394154987	1.2269959225497105	0.5870344940206726	5833.160536506303	2468.4119123358732	0.007757219575165708	12.559506760633246	16.785057269774338	2.0079220943475513
	gen17ind19	1075.525187027661	0.07669329125652184	0.9918538096652463	0.6470013803547163	1.2072205916032481	0.5866627440124474	6096.17833664435	3100.241491641815	0.008264946514931681	12.554399422322298	16.444681846943006	2.3604548462487824
	gen17ind15	1081.541240754525	0.0778942176549911	0.9996172771536007	0.6405969349933646	1.2269959225497105	0.5905994240713023	5967.933880477655	2844.711334459084	0.002704938024145153	12.567107564922207	16.732044009627856	2.061918609355489
	gen19ind19	1090.405069658812	0.07545066222554032	0.9996172771536007	0.6405969349933646	1.2269959225497105	0.5905994240713023	5897.128189870192	2943.8598720017653	0.002704938024145153	12.527563212731309	16.799195425781047	2.0544688122027455
	gen17ind9	1094.4253388729592	0.07889963286572349	0.9973331902514175	0.6305393474853311	1.1746653610036781	0.5862784816997471	6072.355518329151	3346.7089019174873	0.0029511126574993905	12.726443159877128	16.797297166448146	2.3686140273071006
	gen16ind3	1099.8066975080665	0.07669329125652184	0.9873099261244623	0.6470013803547163	1.1761010726515044	0.5866627440124474	6096.17833664435	2896.1844942520806	0.008264946514931681	12.554399422322298	16.420181502588715	2.3604548462487824
	gen16ind14	1107.4607595415696	0.07919071403296658	0.9996172771536007	0.5807554827684321	1.2228882461133785	0.5812467975994617	6078.547235255766	3748.4146418200507	0.006730653190308781	12.931065476851028	16.962204974552858	2.0829509051030755
	gen19ind18	1111.7913088159503	0.07669329125652184	0.9918538096652463	0.6470013803547163	1.2067211095676509	0.5866627440124474	6096.17833664435	3100.241491641815	0.0073908468718440964	12.629705148956008	16.501707678527392	2.3604548462487824
	gen16ind9	1117.4485590704867	0.0778942176549911	0.9996172771536007	0.6480366515883471	1.2133062086199402	0.5934375464198698	5967.933880477655	2847.39165706557	0.004675692345414737	12.559506760633246	16.785057269774338	2.0831667073831723
	gen15ind9	1129.5235421658933	0.07728528101355321	0.9996172771536007	0.5798042511446786	1.2223876464778407	0.5812467975994617	6056.341361572353	3748.4146418200507	0.006730653190308781	12.931065476851028	16.962204974552858	2.0829509051030755
	gen19ind3	1136.6050357221488	0.07669329125652184	0.9992960832998388	0.6580010455715246	1.218828404394933	0.595700868944438	6223.055937710069	3100.241491641815	0.00715521624796177	12.546798618033337	16.469182191297293	2.21762328514677
	gen16ind4	1149.8825193254083	0.07588061685734633	0.9904971221811815	0.6197797689909976	1.187708885443189	0.5871672719061729	5972.499031072206	2005.6585538396616	0.006440167542656469	12.588187530501312	16.434171638495787	2.2289326199010198
	gen14ind17	1151.5410203481238	0.07809089704422548	0.9996172771536007	0.5798042511446786	1.2369043989071655	0.5807657468054641	5804.031872613279	3972.7245792762433	0.00474709503765817	12.916145433186731	16.77006581003154	2.0829509051030755
	gen13ind14	1152.3624211143585	0.07809089704422548	0.9996172771536007	0.5798042511446786	1.2269959225497105	0.5807657468054641	5801.872098493732	3972.7245792762433	0.00474709503765817	12.916145433186731	16.771746120734722	2.0829509051030755
	gen19ind4	1158.371141576246	0.07669329125652184	0.9963976932060302	0.6470013803547163	1.2195974956405762	0.5864440851366822	5820.706481060466	3100.241491641815	0.007351567485343637	12.709174318031602	16.445440928520185	2.21762328514677
	gen18ind6	1158.8577388614494	0.07989320180598455	0.9905295100720328	0.6432814508603368	1.1880035319519282	0.5811542728570721	6028.601134810797	3564.610584496774	0.0006990345880472973	12.913384571345661	16.70481958841725	2.2013421821073633
	gen19ind8	1161.8492643003979	0.07511789064710844	0.9866214610028998	0.6470013803547163	1.2072205916032481	0.5889593919942512	6169.944356194677	3100.241491641815	0.008264946514931681	12.554399422322298	16.263119082966824	2.3604548462487824
	gen19ind6	1163.3610654431818	0.07574883164689668	0.9868684929267246	0.6577517677808744	1.187154924320769	0.5908717776633545	6219.887557429807	2005.6585538396616	0.001211690181626536	12.55769557244179	16.360900274005694	2.2289326199010198
	gen19ind5	1166.7888561050477	0.07638191707852632	0.9870952820914891	0.6197797689909976	1.187708885443189	0.5871672719061729	5972.499031072206	2114.609395129305	0.006440167542656469	12.588187530501312	16.396055615933193	2.2289326199010198
	gen19ind11	1168.886045242216	0.07749322641726705	0.9996172771536007	0.5592771533183698	1.220317139933266	0.5825919771209074	5999.421422264551	3783.374094863444	0.0064317529750170166	12.916145433186731	16.77006581003154	2.0168767738522915
	gen16ind13	1169.7339943968557	0.07574883164689668	0.9868684929267246	0.6450530780420956	1.1792327764265713	0.5908717776633545	6219.887557429807	2005.6585538396616	0.0026970463134581976	12.55769557244179	16.434171638495787	2.2289326199010198
	gen17ind7	1169.8341866708074	0.07809089704422548	0.9996172771536007	0.5798042511446786	1.2369043989071655	0.5819718677178563	5804.031872613279	3390.889862769872	0.003882985700246968	12.916145433186731	16.82291839830642	2.0829509051030755
	gen17ind13	1171.7569951891996	0.0781567896494503	0.9985684082191708	0.5671675966191296	1.2388575465845255	0.5810865060731266	5804.031872613279	3972.7245792762433	0.00474709503765817	12.916145433186731	16.77006581003154	2.0829509051030755
	gen18ind17	1175.8282262873727	0.07809089704422548	0.9980236791252411	0.5798042511446786	1.2369043989071655	0.5819718677178563	5865.8715253993505	3836.1528329760813	0.004795375186384574	12.916145433186731	16.82291839830642	2.0829509051030755
	gen12ind1	1179.0093017866507	0.07573332810191666	0.9996172771536007	0.5798042511446786	1.2087846602176358	0.5807657468054641	5834.828909548685	3972.7245792762433	0.004557034330719771	12.931065476851028	16.771746120734722	2.0829509051030755
	gen19ind16	1180.8310309916637	0.07956178871372054	0.9973493841968433	0.6305393474853311	1.1715304183973703	0.5821720161782176	6242.04571901491	3894.000370818564	0.003926906941043737	12.931347041764653	16.797297166448146	2.3686140273071006
	gen15ind16	1181.8101368135658	0.07420244805000639	0.9914123764675085	0.5834609556579777	1.211151626761315	0.5846967159684066	6100.434337799983	3545.00597700285	0.007717807301321493	12.742005486457622	16.93159999875453	2.1358391841906315
	gen14ind18	1188.4611836596864	0.07588061685734633	0.9874202844238968	0.6580010455715246	1.187708885443189	0.5908717776633545	6056.21317933922	2005.6585538396616	0.006440167542656469	12.55769557244179	16.434171638495787	2.2289326199010198
	gen18ind18	1188.6993812979117	0.07420244805000639	0.9914123764675085	0.5730433408702282	1.211151626761315	0.5846967159684066	6030.765090517032	3776.3826562509557	0.007717807301321493	12.727665101523588	16.93159999875453	2.025333921413897
	gen13ind17	1193.6048782051248	0.07588061685734633	0.9873099261244623	0.6580010455715246	1.187708885443189	0.5908717776633545	6056.21317933922	2586.2536534215315	0.006440167542656469	12.554399422322298	16.55865545693201	2.2289326199010198
	gen17ind16	1193.7679084552246	0.07588061685734633	0.9874202844238968	0.6483877182783854	1.187708885443189	0.5908717776633545	6056.21317933922	2399.4006870445464	0.004676247521712349	12.55769557244179	16.434171638495787	2.1439525617486996
	gen19ind12	1196.9190643016543	0.07793248502695747	0.9909183054843278	0.6379157948824774	1.1814390002305732	0.5806256659426445	6193.116128053491	3102.1345421380865	0.0013777791629404762	12.997995294276361	16.540600426899168	2.208398006261518
	gen17ind3	1203.5975873434586	0.07889963286572349	0.9957947713727753	0.6587179987213345	1.1746653610036781	0.5843858624415537	6283.902793148417	3894.9468960666995	0.00041991846764139395	12.916101062734892	16.850511560649835	2.3686140273071006
	gen14ind9	1204.9354465578908	0.07588061685734633	0.9868684929267245	0.6515476396944462	1.187708885443189	0.5908717776633545	6051.73383547597	2924.5512816003325	0.004737680424859175	12.554399422322298	16.55865545693201	2.2289326199010198
	gen18ind16	1209.2065002722734	0.07669329125652184	0.9918538096652463	0.6470013803547163	1.2214973681844672	0.5942791725088725	6096.17833664435	3100.241491641815	0.008264946514931681	12.554399422322298	16.643365263441524	2.3604548462487824
	gen13ind3	1209.7020103741716	0.07039158201117965	0.9914123764675085	0.5815584924104706	1.2085514370091885	0.58851051630584	6223.055937710069	3953.8206206355408	0.007717807301321493	12.618679488560835	16.93159999875453	2.295623450511071
	gen15ind5	1209.8218401666481	0.07827688450973244	0.9991419570602948	0.659915125316094	1.2046546258139426	0.6018956010052975	6565.634634575163	2482.272860476988	0.007645300146491171	12.59543170147123	16.817548335585755	2.474965949316512
	gen17ind12	1210.6157106003513	0.07496013630347151	0.9981107810760075	0.5509918100473804	1.2087846602176358	0.5807657468054641	5834.828909548685	3257.6017091421627	0.0070674148246514185	12.931065476851028	16.979539699135906	2.0364041872478813
	gen19ind0	1212.8632583948445	0.07969142949232878	0.9905295100720328	0.6432814508603368	1.1746653610036781	0.5812030645569946	6262.028297667475	3564.610584496774	0.0023344624468505043	12.925898564560427	16.72106512132296	2.3629593599299756
	gen15ind10	1215.2322963917477	0.07990223330808346	0.9905295100720328	0.6432814508603368	1.1746653610036781	0.5812030645569946	6242.04571901491	3564.610584496774	0.0006990345880472973	12.931347041764653	16.72106512132296	2.3686140273071006
	gen12ind2	1217.1150951634504	0.07990223330808346	0.9905295100720328	0.6379157948824774	1.1814390002305732	0.583382033389786	6311.879432443724	3102.1345421380865	0.0013777791629404762	12.997995294276361	16.540600426899168	2.208398006261518
	gen17ind17	1217.6308089664403	0.07889963286572349	0.9965131342340132	0.6401249960478864	1.1746653610036781	0.5843858624415537	6242.04571901491	3870.5504774734445	0.001374708617117078	12.931347041764653	16.967050555757353	2.2299699578742955
	gen19ind14	1218.988905699917	0.07460878524959415	0.9905160900357827	0.5650931680647994	1.1908415405437454	0.5848021960026231	6002.556443295983	3977.2239977230997	0.007717807301321493	12.742005486457622	16.93159999875453	2.082663223185926
	gen16ind7	1219.8648810548962	0.07889963286572349	0.9973331902514175	0.639607360431071	1.1746653610036781	0.5843858624415537	6242.04571901491	3894.9468960666995	0.00041991846764139395	12.931347041764653	16.850511560649835	2.3686140273071006
	gen18ind8	1222.891954458678	0.07526109829710408	0.9993965605547319	0.5788300999883682	1.2087846602176358	0.5828702636309177	5834.828909548685	3527.461609070034	0.001773084229983029	12.931065476851028	16.778741188688258	2.0171897919291943
	gen18ind11	1226.5119328527085	0.07908955890890795	0.9973493841968433	0.6305393474853311	1.1715304183973703	0.5843858624415537	6242.04571901491	3346.7089019174873	0.00041991846764139395	12.931347041764653	16.797297166448146	2.3686140273071006
	gen14ind4	1229.6730181301145	0.0691934481849866	0.9914123764675085	0.5815584924104706	1.2085514370091885	0.58851051630584	6176.631778509898	3983.681967031636	0.007717807301321493	12.618679488560835	16.93159999875453	2.2732882508287267
	gen18ind19	1230.2783007938174	0.07486714257071803	0.9981107810760075	0.5890636270383274	1.2087846602176358	0.5807657468054641	6145.9724714322565	3257.6017091421627	0.005186257601529317	12.931065476851028	16.982224730496238	2.1596033348588373
	gen19ind17	1232.105238177236	0.0778942176549911	0.9996172771536007	0.593566300996007	1.2269959225497105	0.5905994240713023	5824.595443462906	2844.711334459084	0.002704938024145153	12.753792517126826	16.732044009627856	2.061918609355489
	gen14ind7	1233.5717044904936	0.07039158201117965	0.9914123764675085	0.5815584924104706	1.2101504274902393	0.58851051630584	6056.0225904331555	3889.7451396990864	0.007717807301321493	12.618679488560835	16.93159999875453	2.1358391841906315
	gen18ind14	1237.8263160896968	0.07496013630347151	0.9960283826057936	0.5509918100473804	1.2087846602176358	0.5807657468054641	5834.828909548685	3257.6017091421627	0.008580334347071516	12.947914707225234	16.979539699135906	2.0364041872478813
	gen17ind6	1239.7893096796056	0.07868601428159641	0.9996172771536007	0.6581734227468329	1.2313309677104427	0.6017980176054526	6138.745466166936	2847.39165706557	0.005276222381697228	12.559506760633246	16.785057269774338	2.140422258917037
	gen15ind4	1239.853001844576	0.07996598148146689	0.991081301569205	0.646232632110356	1.1814390002305732	0.583382033389786	6311.879432443724	3080.4322122261738	0.004586708692763789	12.997995294276361	16.540600426899168	2.2043184157323585
	gen16ind8	1245.3722169932794	0.07990223330808346	0.9905295100720328	0.6451098031169864	1.1598405693331297	0.5898610914881945	6311.879432443724	2622.17578015893	0.0021481371424637978	12.844277068400098	16.74480638410007	2.3686140273071006
	gen16ind12	1250.6127296233406	0.07897921658783588	0.9936787548393744	0.659915125316094	1.222250406044041	0.6018956010052975	6565.634634575163	2482.272860476988	0.007645300146491171	12.59543170147123	16.980676905603822	2.3362139787436584
	gen16ind16	1251.7888393531584	0.07120425641035516	0.9871061529733774	0.5732416551825921	1.1925826018052448	0.58851051630584	6223.055937710069	3953.8206206355408	0.004226547733391976	12.618679488560835	16.85484547583094	2.2424474895063655
	gen13ind16	1254.0465594361299	0.07039158201117965	0.9868684929267245	0.6394765243653227	1.1707145568639037	0.5916508228314022	6461.581199157588	3534.96538600845	0.006128179717431846	12.618679488560835	16.93159999875453	2.443588665022959
	gen16ind0	1256.7433678806897	0.07827688450973244	0.9991419570602948	0.6672749226716879	1.2121505908325094	0.6033836863836131	6437.801508022911	2482.272860476988	0.009466006587496663	12.591394033190202	16.817548335585755	2.474965949316512
	gen19ind2	1258.707738329554	0.0778942176549911	0.9996172771536007	0.6088583351355354	1.2342614625358739	0.5981248049339819	6002.850737192062	3048.7683318488184	0.009130581037382852	12.61046974365398	16.833298876905737	2.061918609355489
	gen19ind9	1261.8985934958807	0.0778942176549911	0.99422904733183	0.6405969349933646	1.2269959225497105	0.5905994240713023	5821.86064846212	3382.9813769711654	0.002704938024145153	12.747980570354423	16.732044009627856	2.076833361217364
	gen16ind10	1263.2454151655752	0.07827688450973244	0.9999468530471874	0.6525553279605001	1.2046546258139426	0.5978836405485576	6316.299205367526	2651.421674566389	0.004045190745629711	12.749249657427537	16.817548335585755	2.4092048361426306
	gen13ind11	1264.580492613451	0.07990223330808346	0.9905295100720328	0.6432814508603368	1.172716955406055	0.5878956069067234	6311.879432443724	2836.0350812956267	0.0006627810106321361	12.931347041764653	16.664039289738575	2.3686140273071006
	gen16ind5	1266.390976288198	0.07039158201117965	0.9914123764675085	0.5815584924104706	1.2101504274902393	0.5904174164745566	6117.3333903881985	3889.7451396990864	0.007717807301321493	12.618679488560835	16.93159999875453	2.2157313173508513
	gen18ind10	1267.1040268593233	0.07949589610849571	0.9905295100720328	0.6379157948824774	1.1872429066264156	0.5836342973366487	6311.879432443724	3102.1345421380865	0.0013777791629404762	13.014889348365868	16.540600426899168	2.1426368930876363
	gen12ind16	1267.5156787748392	0.07990223330808346	0.9905295100720328	0.6432814508603368	1.172716955406055	0.5878956069067234	6311.879432443724	2836.0350812956267	0.0013777791629404762	12.931347041764653	16.664039289738575	2.3788813341268513
	gen15ind3	1269.2873547257345	0.07588061685734633	0.9868684929267245	0.6182699955420445	1.187708885443189	0.5908717776633545	5813.208574028451	2924.5512816003325	0.006934749030482319	12.554399422322298	16.55865545693201	2.086101058799007
	gen13ind8	1271.3807435605945	0.07827688450973244	0.9973114484876406	0.659915125316094	1.2046546258139426	0.6018956010052975	6316.299205367526	2526.5309606293413	0.007645300146491171	12.59543170147123	16.817548335585755	2.4051252456134717
	gen14ind13	1273.9279935701902	0.07801331408883314	0.9905295100720328	0.6432814508603368	1.172716955406055	0.5878956069067234	6550.404693891243	2836.0350812956267	0.0008473196729677467	12.865331484354407	16.779448926642264	2.3686140273071006
	gen11ind12	1275.568433890258	0.07588061685734633	0.9873099261244623	0.6580010455715246	1.187708885443189	0.5959195278202032	6223.055937710069	2586.2536534215315	0.008264946514931681	12.554399422322298	16.55865545693201	2.3604548462487824
	gen14ind10	1281.501783986747	0.07360900385550043	0.9996172771536007	0.5798042511446786	1.2087846602176358	0.5849747804563712	5834.828909548685	3748.4146418200507	0.006730653190308781	12.931065476851028	16.962204974552858	2.0829509051030755
	gen15ind1	1282.550286593115	0.07990223330808346	0.9905295100720328	0.6761370714630044	1.1699618294942757	0.5870865391469676	6311.879432443724	3102.1345421380865	0.0013777791629404762	12.997995294276361	16.540600426899168	2.3207058372905935
	gen15ind15	1289.3442903505597	0.07588061685734633	0.9855345967015254	0.6672633061746256	1.1956932503072868	0.5955300052361794	6020.766877057999	1821.6002373371373	0.008203532387302977	12.52720361438227	16.55865545693201	2.253126823687813
	gen12ind0	1302.322974380879	0.07588061685734633	0.9852587009529392	0.6580010455715246	1.1871960860176443	0.5959195278202032	6223.450886967184	2586.2536534215315	0.008047538474690665	12.55769557244179	16.55865545693201	2.3604548462487824
	gen18ind15	1303.109584301912	0.07574883164689668	0.9868684929267246	0.659740966957477	1.1792327764265713	0.5986803373161298	6219.887557429807	2005.6585538396616	0.0026970463134581976	12.50781015676116	16.434171638495787	2.2289326199010198
	gen17ind0	1306.493197610498	0.07838014967473936	0.9899243228424157	0.659915125316094	1.222250406044041	0.6018956010052975	6565.634634575163	2482.272860476988	0.007645300146491171	12.600093675348294	16.913218918751987	2.3362139787436584
	gen17ind18	1307.1166702950718	0.07827688450973244	0.9991419570602948	0.634622146685534	1.2293174943804726	0.6033836863836131	6437.801508022911	3157.5472600356447	0.009466006587496663	12.627328215583518	16.817548335585755	2.474965949316512
	gen15ind18	1310.3566780468045	0.07046522638889449	0.9902594621345284	0.5815584924104706	1.2085514370091885	0.58851051630584	6417.366926419319	3260.585157708185	0.009261940209207193	12.618679488560835	16.954501106180047	2.434375421083925
	gen19ind13	1315.83464070124	0.07827688450973244	0.9930434606954429	0.6968031757497009	1.2121505908325094	0.6033836863836131	6437.801508022911	2250.8961812288826	0.008807480571242044	12.590488439094475	16.64210551994648	2.585471212093246
	gen18ind12	1319.9386618918297	0.07868601428159641	0.9988640291148041	0.6292401602027553	1.2313309677104427	0.5986636439978483	6138.745466166936	2847.39165706557	0.005276222381697228	12.745286118742136	16.88229848445512	2.140422258917037
	gen16ind11	1321.8847397785544	0.07528154994424979	0.9841227300677433	0.6570440056992399	1.1907209238771872	0.5959195278202032	6223.055937710069	2468.134596198349	0.0085012147938597	12.554399422322298	16.49666700445697	2.3716224460899547
	gen15ind7	1322.6250454007359	0.07574597457272808	0.9868684929267245	0.6394765243653227	1.1707145568639037	0.5916508228314022	6529.205026124501	3534.96538600845	0.006128179717431846	12.808337391418597	16.736100212826848	2.411143542739355
	gen18ind13	1325.4135062133223	0.07827688450973244	0.9991419570602948	0.6377466695936749	1.2046546258139426	0.6048113157371365	6361.19204332086	2482.272860476988	0.008825607359949625	12.59543170147123	16.849544409811443	2.474965949316512
	gen15ind8	1326.857140141166	0.07718139732789464	0.9945826290764435	0.6990934417689056	1.1811720091496478	0.6013166211042342	6223.055937710069	2792.630421471801	0.007228925155199212	12.625271788799822	16.6256065302977	2.426373343641155
	gen14ind15	1327.5154318800905	0.07774413632728522	0.9987729308726139	0.574177009866604	1.1979205293843136	0.5841948571175835	5879.240656915513	3529.2705442229826	0.0013777791629404762	13.021998054477605	16.72034895048131	2.20104391659188
	gen16ind17	1331.2760758992417	0.07827688450973244	0.997521518959435	0.6562410348868282	1.1856526969029757	0.6044994189887933	6370.822101864833	2822.491767867896	0.007575001916834628	12.604755649225357	16.81207880120896	2.3381196465664376
	gen18ind5	1339.8733015610876	0.07574883164689668	0.9868684929267246	0.6450530780420956	1.197975391340987	0.5994243800052875	6402.610552276687	2005.6585538396616	0.005954493278456834	12.55769557244179	16.44429722306459	2.2821085809057253
	gen18ind2	1342.9911126517673	0.0793323266659614	0.9905295100720328	0.6379157948824774	1.1814390002305732	0.583382033389786	6179.076718318075	3102.1345421380865	0.0013777791629404762	13.092525289473064	16.540600426899168	2.208398006261518
	gen17ind5	1343.1274540312513	0.07588061685734633	0.9855345967015254	0.6672633061746256	1.1817590922522572	0.5955300052361794	6190.457077743758	1821.6002373371373	0.006057517187206642	12.655248383331664	16.71397282973415	2.3229675273908534
	gen11ind18	1343.2713610685814	0.07990223330808346	0.9905295100720328	0.6379157948824774	1.1814390002305732	0.583382033389786	6311.879432443724	2836.0350812956267	0.0013777791629404762	13.021998054477605	16.66634231262215	2.4025194377439547
	gen18ind0	1349.6381983467418	0.07930597006531123	0.9905295100720328	0.6534182220188226	1.1751819550206857	0.5878956069067234	6311.879432443724	2836.0350812956267	0.0012633110469146272	12.931347041764653	16.664039289738575	2.4258695788409654
	gen16ind18	1350.3759996723188	0.07809089704422548	0.9998549372002536	0.5602511859410292	1.2369043989071655	0.5897991802944524	5804.031872613279	3282.049561324129	0.00320296212977247	12.916145433186731	16.74716470260602	2.0829509051030755
	gen12ind13	1351.3536079964724	0.07827688450973244	0.9911577729730715	0.659915125316094	1.2046546258139426	0.6018956010052975	6316.299205367526	2526.5309606293413	0.007645300146491171	12.59543170147123	16.808374247605066	2.5438772161863255
	gen15ind14	1351.517100099283	0.07568928342997566	0.9852587009529392	0.6324726504812453	1.1871960860176443	0.5959195278202032	6049.268224522248	2586.2536534215315	0.008047538474690665	12.55769557244179	16.55865545693201	2.188851528119791
	gen15ind17	1351.845879751978	0.07681237659231578	0.9974556936826432	0.5767261625555336	1.2028258704000148	0.5807657468054641	5834.828909548685	3869.5361952511084	0.005056918221878425	13.108703662941618	16.486860350046985	2.0829509051030755
	gen13ind0	1354.9128276855424	0.07483639612884807	0.9935300737145594	0.6239224957578738	1.2026652479712738	0.583382033389786	6439.27246060462	2921.052891267105	0.004986396085299478	13.013244976416514	16.674073742637823	2.416978926194137
	gen11ind3	1355.5778928352297	0.07982185778041492	0.9991758439558629	0.5993663312332956	1.2266624540299809	0.5858240275065058	5889.765370225486	3858.4630680076457	0.004397980530140242	13.057699929136238	16.42880179600205	2.0974103935532575
	gen15ind11	1361.7899072341806	0.07872344883692906	0.9894487183365541	0.6379157948824774	1.1814390002305732	0.583382033389786	6311.879432443724	3102.1345421380865	0.0015326907550506038	13.116937162332043	16.413075112092574	2.208398006261518
	gen18ind3	1363.6183488269635	0.07496013630347151	0.9938045575818765	0.5509918100473804	1.192815825013692	0.5862342502438229	5892.048691517034	3434.482819551482	0.0035761552567219012	12.931065476851028	16.979539699135906	2.0364041872478813
	gen13ind9	1364.9219695800168	0.07982858893036862	0.9966831855866021	0.5988173976690544	1.1814390002305732	0.5841948571175835	6117.765918363032	3529.2705442229826	0.0013777791629404762	13.021998054477605	16.772887644523507	2.2637674671711014
	gen11ind4	1366.6226576823142	0.07573332810191666	0.9996172771536007	0.5767261625555336	1.215427657389144	0.5807657468054641	5834.828909548685	3972.7245792762433	0.004557034330719771	13.154029169298095	16.57700363289339	2.0829509051030755
	gen16ind19	1366.989901230378	0.07588061685734633	0.9855345967015254	0.6672633061746256	1.2041661204926637	0.6010419169071508	6275.477604675971	2059.9073906558006	0.008203532387302977	12.52720361438227	16.750343805476994	2.253126823687813
	gen15ind6	1370.5369725416056	0.0770787506835394	0.9916330930663774	0.659915125316094	1.1811720091496478	0.6013166211042342	6223.055937710069	2822.491767867896	0.007575001916834628	12.604755649225357	16.682632361882085	2.3381196465664376
	gen10ind9	1371.0667444343994	0.07039158201117965	0.9914123764675085	0.6326456671927888	1.1887344842942786	0.5972272938066285	6222.26603919584	2633.795691231484	0.007699994813096406	12.618679488560835	16.93496062016089	2.3604548462487824
	gen11ind8	1371.1179860982845	0.07039158201117965	0.9914123764675085	0.6088817082018507	1.187708885443189	0.5916508228314022	6223.055937710069	3534.96538600845	0.007717807301321493	12.618679488560835	16.93159999875453	2.443588665022959
	gen17ind10	1371.4113377516774	0.07588061685734633	0.9855345967015254	0.6672633061746256	1.197954024508439	0.5955300052361794	6020.766877057999	1258.9337762318007	0.008203532387302977	12.658575743726622	16.565311031451817	2.253126823687813
	gen8ind16	1372.8077498207933	0.07039158201117965	0.9914123764675085	0.6326456671927888	1.187708885443189	0.5972272938066285	6223.055937710069	2586.2536534215315	0.007717807301321493	12.618679488560835	16.93496062016089	2.3604548462487824
	gen12ind6	1372.9437346995167	0.07827688450973244	0.9916330930663774	0.659915125316094	1.1811720091496478	0.6013166211042342	6223.055937710069	2792.630421471801	0.0072651787326143726	12.625271788799822	16.682632361882085	2.3604548462487824
	gen13ind4	1373.8210277444855	0.07827688450973244	0.9916330930663774	0.659915125316094	1.1809156094368753	0.6013166211042342	6223.055937710069	2792.630421471801	0.007156474712493865	12.626919863859568	16.682632361882085	2.3604548462487824
	gen16ind2	1375.153694676249	0.07506794245817082	0.9855345967015254	0.6802112737040547	1.203195156525093	0.5955300052361794	6011.271986405579	1821.6002373371373	0.007979203841038528	12.64190402865978	16.55865545693201	2.253126823687813
	gen15ind12	1376.6326590782867	0.07112529120889442	0.9868684929267245	0.6515476396944462	1.1867076861721133	0.5946855780007879	6051.73383547597	2924.5512816003325	0.008213057844174861	12.60193435427961	16.692435811439985	2.319588075110948
	gen12ind12	1378.3675734552944	0.07320974381197783	0.9832074757814162	0.6746407135512712	1.1743622988957565	0.5992121042787807	6417.169451790761	1950.1489461284743	0.008264946514931681	12.554399422322298	16.808374247605066	2.491977072596545
	gen9ind2	1382.3010581683152	0.07573332810191666	0.9996172771536007	0.5993663312332956	1.2144020585380542	0.5906421408894735	5834.828909548685	3858.4630680076457	0.004397980530140242	12.91051618880915	16.43552303881477	2.0974103935532575
	gen16ind15	1382.7470188805519	0.07990223330808346	0.9905295100720328	0.6432814508603368	1.1746653610036781	0.5812030645569946	6047.932204934218	3564.610584496774	0.0006990345880472973	13.08754003590975	16.72106512132296	2.3686140273071006
	gen10ind10	1386.4931593270112	0.07573332810191666	0.9996172771536007	0.5886350192775767	1.2144020585380542	0.5816149938555988	5834.828909548685	3858.4630680076457	0.004397980530140242	13.154029169298095	16.43552303881477	2.0829509051030755
	gen19ind15	1388.5609008802007	0.07827688450973244	0.9956256942773587	0.6526582600377118	1.202370918102496	0.6018956010052975	6565.634634575163	2482.272860476988	0.007772333318511767	12.679805495188898	16.999111099561937	2.474965949316512
	gen15ind19	1390.5935827467217	0.07827688450973244	0.9916330930663774	0.669177385919195	1.1896691734392904	0.6034509735986346	6223.055937710069	2318.274555178342	0.00833356213136429	12.593131755680552	16.682632361882085	2.3604548462487824
	gen17ind2	1391.4147005323775	0.0770787506835394	0.9916330930663774	0.659915125316094	1.1811720091496478	0.6013166211042342	6181.198863576562	2822.491767867896	0.007575001916834628	12.620001628255118	16.682632361882085	2.3381196465664376
	gen11ind10	1393.8909899492432	0.07928121024651649	0.9905295100720328	0.5894093867883542	1.2122296764270424	0.5876807213566915	5819.312819664407	3977.908453592026	0.004197773419246012	12.913046969215006	16.671799343862382	2.4025194377439547
	gen14ind19	1395.9056037131156	0.07573332810191666	0.9974556936826432	0.5767261625555336	1.215427657389144	0.5807657468054641	5834.828909548685	3869.5361952511084	0.005056918221878425	13.154029169298095	16.515015180418352	2.0829509051030755
	gen14ind3	1396.8601978317756	0.07285815788494743	0.9955148268105546	0.6041927806593991	1.2054025694274655	0.5807657468054641	6026.782649509831	3972.7245792762433	0.005605341322466508	13.154029169298095	16.57700363289339	2.0829509051030755
	gen10ind8	1397.041839258959	0.07588061685734633	0.9873099261244623	0.6580010455715246	1.187708885443189	0.6013166211042342	6223.055937710069	2586.2536534215315	0.008264946514931681	12.554399422322298	16.808374247605066	2.3604548462487824
	gen12ind10	1398.2575330406612	0.07573332810191666	0.9996172771536007	0.5886350192775767	1.2264060543172084	0.5821466635832693	5834.828909548685	3858.4630680076457	0.004397980530140242	13.154029169298095	16.426073280381928	2.0829509051030755
	gen13ind13	1398.9289919901285	0.07736931471846577	0.9905295100720328	0.6309191453201757	1.1920521241009236	0.583382033389786	6236.8578685482535	3147.479870771761	0.0013777791629404762	13.021998054477605	16.66634231262215	2.4025194377439547
	gen12ind18	1401.9428249314064	0.07963361258093309	0.9969416792279533	0.603070533503209	1.214280874129222	0.5816835392895168	6076.56643259305	3953.5471436275507	0.0016958867640995343	13.171130799346791	16.873398316290043	2.419669195269348
	gen19ind7	1406.13078402387	0.07588061685734633	0.9828764008831129	0.6580010455715246	1.187708885443189	0.5908717776633545	6056.21317933922	2005.6585538396616	0.006440167542656469	12.776939839263349	16.3119432170582	2.2289326199010198
	gen18ind9	1413.9753734412213	0.07412105189980153	0.998568408219171	0.5509918100473804	1.2087846602176358	0.5807657468054641	5834.828909548685	3257.6017091421627	0.0070674148246514185	13.007974454829183	16.979539699135906	2.0364041872478813
	gen19ind1	1416.4391699208657	0.07990223330808346	0.9905295100720328	0.6432814508603368	1.1746653610036781	0.5899579338388665	6242.04571901491	3564.610584496774	0.004311725427472185	12.931347041764653	16.72106512132296	2.3686140273071006
	gen11ind13	1422.2437308496778	0.07827688450973244	0.9873099261244623	0.659915125316094	1.187708885443189	0.6013166211042342	6223.055937710069	2526.5309606293413	0.0072651787326143726	12.625271788799822	16.808374247605066	2.3604548462487824
	gen14ind16	1425.9160744295664	0.06957890761200414	0.9914123764675085	0.5925581576272789	1.2085514370091885	0.5977673001135957	6225.26582417197	3953.8206206355408	0.00914843220690316	12.618679488560835	16.997384033754013	2.3663023397322567
	gen16ind6	1429.0594140164665	0.07133889869497341	0.9816698064051322	0.6280849897218139	1.1956932503072868	0.5955300052361794	6020.766877057999	1821.6002373371373	0.008203532387302977	12.538827507927072	16.55865545693201	2.253126823687813
	gen11ind9	1433.125579893507	0.07298881067883331	0.9983314976748763	0.5886350192775767	1.2144020585380542	0.5816149938555988	5834.828909548685	3858.4630680076457	0.004397980530140242	13.154029169298095	16.498816225092682	2.1184426893008435
	gen19ind10	1434.5624177159152	0.07989320180598455	0.9897762620332362	0.6143481883162594	1.1788979007858909	0.5811542728570721	5962.048649346312	3486.8833973431592	0.0006990345880472973	13.099163929454551	16.802060803098037	2.2013421821073633
	gen12ind3	1439.464331981571	0.07956587174275057	0.9905295100720328	0.6108104741241368	1.239736206617063	0.5802804615205862	5908.6512564603345	3226.9606622916526	0.002041297338929604	13.105705449538723	16.68028556744801	2.63820777861348
	gen11ind17	1442.36419116944	0.07956587174275057	0.9905295100720328	0.6108104741241368	1.239736206617063	0.5802804615205862	5908.6512564603345	3326.2641463227264	0.0013777791629404762	13.105705449538723	16.68028556744801	2.4856532565181313
	gen13ind1	1442.5543040905904	0.07560601146436394	0.9870553226300254	0.6878748776347217	1.1913080392665099	0.6018956010052975	6487.81189650769	2031.7990927851674	0.007645300146491171	12.59543170147123	16.987352741238816	2.69289649357893
	gen11ind11	1447.0125949539884	0.07483639612884807	0.9996837492291285	0.6239224957578738	1.2026652479712738	0.583382033389786	6161.836304652783	3725.024121090355	0.003632323884352177	13.166141820442117	16.655759679202653	2.416978926194137
	gen12ind14	1448.18794655549	0.0735617466251148	0.9873099261244623	0.659915125316094	1.1682321011497931	0.6013166211042342	6389.70122145236	2364.7821196297436	0.0072651787326143726	12.625271788799822	16.808374247605066	2.3604548462487824
	gen17ind1	1453.5522551383951	0.07990223330808346	0.9905295100720328	0.6379157948824774	1.1814390002305732	0.583382033389786	6457.435710136586	3102.1345421380865	0.0023925965253949444	13.200067007967553	16.540600426899168	2.2661416080711616
	gen13ind18	1456.6110076963548	0.07983029197016747	0.9998454865092814	0.5579386766891936	1.233184266792657	0.5816835392895168	5910.504650609127	3953.5471436275507	0.0016958867640995343	13.204555687731094	16.93599235173977	2.419669195269348
	gen15ind2	1458.8935662664726	0.07200029293334004	0.9868684929267245	0.6385994037324266	1.1707145568639037	0.5955232075815902	6267.4676850768965	3525.5134066880987	0.007613535849263508	12.618679488560835	16.94690248665369	2.443588665022959
	gen12ind7	1462.0979758578121	0.07039158201117965	0.9914123764675085	0.6326456671927888	1.1887344842942786	0.6013616885274367	6177.854291829012	2983.2608435878956	0.009129991117713086	12.58297979439755	16.93496062016089	2.3809894598882844
	gen13ind2	1463.604529942792	0.07483639612884807	0.9996837492291285	0.6019171718002678	1.2026652479712738	0.5864913139461329	6161.836304652783	3837.3747666997697	0.0012663185905657545	13.166141820442117	16.406040888529596	2.416978926194137
	gen7ind16	1468.2823544050868	0.07928121024651649	0.9569525500545741	0.6883925244039442	1.1742257433315881	0.583382033389786	5973.867378161727	3858.4630680076457	0.00010775528627345033	12.714292792858808	16.287755268920144	2.2605523009528827
	gen10ind2	1473.9072500935895	0.07762970919340548	0.9905295100720328	0.6108104741241368	1.2246772460446995	0.583382033389786	5823.699613788587	3725.024121090355	0.00010933788375775202	13.105705449538723	16.48900396582531	2.4025194377439547
	gen11ind14	1474.106707295377	0.07866018718494952	0.9975407575617008	0.5789437340097601	1.2308494496305251	0.5918001006916	6021.315444863599	3133.102506613246	0.003438803574437029	12.913046969215006	16.92151813453544	2.4025194377439547
	gen13ind10	1481.7827579058185	0.07039158201117965	0.9914123764675085	0.6643842670506179	1.1707006318884883	0.6049266185780663	6416.379553276532	2414.9160945975873	0.007540363533823439	12.58297979439755	16.93496062016089	2.3809894598882844
	gen9ind12	1484.7944624467345	0.07039158201117965	0.9914123764675085	0.6322730980355749	1.187708885443189	0.6014363274575356	6223.055937710069	2645.9763462137216	0.007717807301321493	12.618679488560835	16.93496062016089	2.4314384146443184
	gen15ind13	1488.7102752664882	0.07499961890420187	0.9981502313701016	0.574177009866604	1.1979205293843136	0.5841948571175835	5804.473491351501	3818.98371263824	0.0012129135762558902	13.021998054477605	16.90682122139257	2.20104391659188
	gen14ind5	1494.2798058274027	0.07039158201117965	0.9827660425836784	0.6394765243653227	1.1707145568639037	0.5955232075815902	6461.581199157588	3525.5134066880987	0.007613535849263508	12.618679488560835	16.93159999875453	2.549924937726957
	gen14ind11	1503.1519955058825	0.07120425641035516	0.9880214072597046	0.6326456671927888	1.1887344842942786	0.6013616885274367	6175.644405367111	3138.0129039210383	0.005996230625937739	12.58297979439755	16.859357608679087	2.379686555953526
	gen17ind4	1508.3856499046783	0.07477547676390675	0.9784932564754878	0.7109928336895991	1.2041661204926637	0.6010419169071508	6383.84510689833	984.3452196862477	0.008203532387302977	12.667267295019961	16.750343805476994	2.338214782980182
	gen9ind17	1511.6424731414738	0.07928121024651649	0.9905295100720328	0.6108104741241368	1.2122296764270424	0.583382033389786	5978.993749305483	3725.024121090355	0.0013777791629404762	13.105705449538723	16.66634231262215	2.4025194377439547
	gen7ind8	1513.771220182108	0.07928121024651649	0.9905295100720328	0.6108104741241368	1.2122296764270424	0.583382033389786	5973.867378161727	3977.908453592026	0.0013777791629404762	13.105705449538723	16.66634231262215	2.4025194377439547
	gen14ind6	1518.6137505211784	0.07622875982035499	0.9966831855866021	0.6090366981444401	1.1814390002305732	0.5893172462045311	6117.765918363032	3529.2705442229826	0.0021363393774701386	13.010374160932802	16.772887644523507	2.3139117427527847
	gen12ind11	1518.6533348756348	0.06559904670640744	0.9919898061707271	0.6134970682550944	1.187708885443189	0.5957199267897375	5905.076587449467	2705.699039005912	0.004949771630377689	12.662731613872412	16.742946647939675	2.5645235060664446
	gen18ind4	1520.7603006929035	0.07827688450973244	0.9947043674251359	0.6655011465121523	1.2322695733434117	0.6094632378018001	6586.918199336456	2457.8764418837327	0.006150938079873944	12.597985370626702	16.999986219178567	2.474965949316512
	gen14ind0	1531.228125742672	0.07827688450973244	0.9911577729730715	0.659915125316094	1.2079761243996967	0.6018956010052975	6316.299205367526	2526.5309606293413	0.007645300146491171	12.706913547694763	16.808374247605066	2.5438772161863255
	gen11ind15	1534.63358371289	0.075653584815251	0.9905295100720328	0.619738855438632	1.2122296764270424	0.5918001006916	6168.895604102512	3659.8560999454976	0.0057250168821184975	12.913046969215006	16.92151813453544	2.4025194377439547
	gen9ind1	1536.3649561090801	0.07928121024651649	0.9950733936128168	0.6060490547681008	1.2122296764270424	0.595628052821308	5904.348143855206	3977.908453592026	0.004962945779558008	12.821749382535135	16.92151813453544	2.4025194377439547
	gen17ind14	1539.452443562346	0.07717174441629288	0.9913954330197244	0.659915125316094	1.1650471226030363	0.6118815482041509	6603.857318691011	2822.491767867896	0.009024104471251128	12.555601216632393	16.682632361882085	2.3381196465664376
	gen17ind11	1542.52238375885	0.07683846819535622	0.9996172771536007	0.563925276370295	1.2251537994248867	0.5893723382453792	5834.828909548685	3070.866826413536	0.004557034330719771	13.125536386253259	16.771746120734722	2.0829509051030755
	gen8ind11	1546.459593442606	0.07928121024651649	0.9905295100720328	0.6060490547681008	1.2122296764270424	0.5918001006916	5973.867378161727	3977.908453592026	0.004962945779558008	12.913046969215006	16.92151813453544	2.4025194377439547
	gen15ind0	1547.007204888541	0.07360900385550043	0.9963906308027877	0.5602511859410292	1.2366508550963946	0.5849747804563712	5974.68312299971	3748.4146418200507	0.00547161134283068	13.076502299044483	16.962204974552858	2.0829509051030755
	gen12ind15	1557.3788152367795	0.061656395457131044	0.9934636016390315	0.6326456671927888	1.187708885443189	0.5968362359104878	6143.938026543326	2735.560385402007	0.006154639535117794	12.61538333844134	16.998253806438804	2.5645235060664446
	gen8ind2	1558.28070081348	0.07928121024651649	0.9905295100720328	0.6021827597292626	1.2122296764270424	0.583382033389786	5973.867378161727	3977.908453592026	0.0013777791629404762	13.147432483686845	16.66634231262215	2.4025194377439547
	gen11ind7	1558.6179960823274	0.07573332810191666	0.9898450638644825	0.5993663312332956	1.1969579688890177	0.5906421408894735	5834.828909548685	3858.4630680076457	0.002678560746683433	12.972727143872191	16.43091699304762	2.0356746978688687
	gen13ind7	1575.757803922084	0.07990223330808346	0.9864270597289867	0.6643365029065325	1.1714139122688947	0.5916128068903682	6311.879432443724	2836.0350812956267	0.002949259404128794	13.021998054477605	16.747949562335233	2.4025194377439547
	gen14ind2	1577.688344060538	0.07627397563581509	0.9937355946499931	0.6115246566993683	1.2255156707700587	0.5827281503965733	5890.932373742222	3705.5906450752336	0.0009448141272883656	13.173911096562968	16.532033158852776	2.4025194377439547
	gen13ind5	1578.1207841007986	0.06998298766797818	0.9914123764675085	0.6347374873524096	1.1887344842942786	0.5972272938066285	6218.736389470975	2633.795691231484	0.0066536483142132456	12.74522691417439	16.93496062016089	2.3604548462487824
	gen14ind12	1579.891352741446	0.07982858893036862	0.9992143640703519	0.5988173976690544	1.1814390002305732	0.5841948571175835	5923.65240428234	3538.722523543334	0.00020260732236038496	13.289672894846234	16.595589461592937	2.2637674671711014
	gen10ind13	1584.0390351444948	0.07928121024651649	0.9937355946499931	0.6108104741241368	1.213255275278132	0.583382033389786	6012.963467944514	3725.024121090355	0.0009448141272883656	13.267676767429268	16.66634231262215	2.4025194377439547
	gen10ind5	1593.993605746401	0.07963361258093309	0.9969416792279533	0.5869927606800505	1.214280874129222	0.5816835392895168	6076.56643259305	3953.5471436275507	0.0016958867640995343	13.43880563971542	16.949303500779386	2.419669195269348
	gen12ind4	1597.8549619621172	0.07866018718494952	0.9981249369497245	0.5789437340097601	1.2308494496305251	0.5880384432527319	6021.315444863599	3396.3208962536173	0.003438803574437029	13.193493483337647	16.92151813453544	2.423551733491541
	gen12ind5	1598.3488967023427	0.07446047904068379	0.988626928616179	0.619738855438632	1.209562786996809	0.5918001006916	6168.895604102512	3946.1001691764914	0.0057250168821184975	12.913046969215006	16.726775646694108	2.4025194377439547
	gen9ind6	1600.9368760456434	0.06559904670640744	0.9914123764675085	0.6326456671927888	1.187708885443189	0.5988808995592907	6143.938026543326	2705.699039005912	0.005928325250764234	12.618679488560835	16.93496062016089	2.5645235060664446
	gen16ind1	1620.7606447736416	0.07386980863197776	0.9848124694392086	0.6580010455715246	1.1948360104815459	0.6019935137433998	6077.499660017207	1945.986501021057	0.008322176872887069	12.680996417624748	16.55865545693201	2.3828192549619303
	gen6ind17	1639.203585340791	0.07928121024651649	0.9678775012717824	0.6280659029138853	1.2122296764270424	0.583382033389786	5973.867378161727	3858.4630680076457	0.00013977207093774236	13.02225138124248	16.629275231169032	2.2605523009528827
	gen12ind17	1642.5780258102232	0.0773485373377088	0.9975407575617008	0.5588555990710291	1.2368901548775482	0.5918001006916	5994.23527805982	3699.7650762713242	0.003438803574437029	13.056934559422599	16.978090078000626	2.4025194377439547
	gen11ind16	1652.657581809563	0.06861764093887973	0.9995161295663859	0.6253860992586473	1.18828227707315	0.6068876362579267	6115.966663084606	2586.2536534215315	0.005655372887555556	12.703600422450293	16.674790095504758	2.3105035736008324
	gen11ind0	1665.8050099926895	0.0720259593839855	0.9925807352435558	0.6381900754651995	1.212742475852587	0.5897039789288924	6368.6552519299385	3112.6904327022744	0.0029019213680614555	13.179572516806115	16.916061103295206	2.4025194377439547
	gen7ind6	1666.8435357582343	0.05958971348605458	0.9996172771536007	0.5815623412781034	1.2199367480184065	0.5910379376492021	5834.828909548685	3858.4630680076457	0.004397980530140242	12.964837310327102	16.43552303881477	2.046626077258119
	gen9ind3	1669.472288207106	0.07039158201117965	0.9995161295663859	0.6364738266819274	1.187708885443189	0.6077711560250204	6205.03394228252	2586.2536534215315	0.003928789686129618	12.76042422151588	16.790199732408446	2.3105035736008324
	gen10ind6	1673.9106275339973	0.07928121024651649	0.9932941614522552	0.5879840208677676	1.2122296764270424	0.583382033389786	5978.993749305483	3909.381487453164	0.0007116104887476354	13.349416511193478	16.66634231262215	2.321097396482445
	gen14ind8	1680.5751186415564	0.07835842823889849	0.9891917111092091	0.6316314774476399	1.2074818183642684	0.583382033389786	5890.932373742222	3137.2458960849253	0.0009448141272883656	13.26781754988608	16.532033158852776	2.4025194377439547
	gen11ind1	1683.1422977747147	0.07697537422505062	0.975757812421068	0.653576972749977	1.1405603106531892	0.6069715355323602	6476.321718891068	2080.4849884181895	0.004758755183318389	12.595917658359827	16.93496062016089	2.2362518001956015
	gen8ind7	1683.3195952637977	0.07697537422505062	0.975757812421068	0.653576972749977	1.1405603106531892	0.6077711560250204	6625.194555599337	2080.4849884181895	0.0074462649403822	12.595917658359827	16.93496062016089	2.2362518001956015
	gen11ind19	1686.0346249904956	0.07627397563581509	0.9937355946499931	0.5998928775898108	1.2255156707700587	0.583382033389786	5890.932373742222	3705.5906450752336	0.0009448141272883656	13.267676767429268	16.532033158852776	2.4025194377439547
	gen10ind15	1692.5457594051632	0.07697537422505062	0.975757812421068	0.653576972749977	1.152820706145116	0.6029530426420526	6500.600275825166	2080.4849884181895	0.006068834179500458	12.743101398686914	16.928239377348163	2.2362518001956015
	gen10ind3	1702.7666269139759	0.06559904670640744	0.995905686214685	0.6326456671927888	1.187708885443189	0.6068664272260009	6143.938026543326	2705.699039005912	0.005928325250764234	12.542368114711271	16.93496062016089	2.5185155739948835
	gen10ind11	1713.353604705002	0.06977055894961268	0.9995161295663859	0.6093685059235867	1.187708885443189	0.6077711560250204	6205.03394228252	2586.2536534215315	0.003928789686129618	12.76042422151588	16.54048094173539	2.2410828702796604
	gen13ind15	1714.2849699018557	0.07827688450973244	0.9849708614207384	0.659915125316094	1.2046546258139426	0.6081643482205061	6316.299205367526	1957.1457267949295	0.009961611461780923	12.71043949758868	16.759822136469744	2.5156151762136485
	gen10ind4	1719.6691093926188	0.07039158201117965	0.9953022389993045	0.6322730980355749	1.187708885443189	0.6075593371732966	6223.055937710069	2705.699039005912	0.009507673746414076	12.618679488560835	16.937451468882465	2.5024219830398544
	gen11ind6	1722.8529538939915	0.07928121024651649	0.9975407575617008	0.6108104741241368	1.2369796473764885	0.5872869910034408	5953.891933832758	3385.9868391149166	0.0013777791629404762	13.311169334844314	16.419984143355453	2.3258689901976917
	gen12ind9	1723.181226163778	0.075653584815251	0.9905295100720328	0.619738855438632	1.2122296764270424	0.5980688479068086	6168.895604102512	3534.96538600845	0.0057250168821184975	12.913046969215006	16.86767470669037	2.4025194377439547
	gen10ind1	1726.3816497797816	0.0720259593839855	0.9905295100720328	0.6381900754651995	1.2122296764270424	0.5839992094929429	6369.050201187053	3088.919413797298	0.0029019213680614555	13.39094546417579	16.781751949525834	2.4025194377439547
	gen14ind1	1727.4828286437041	0.07572722919296584	0.9905295100720328	0.619738855438632	1.2122296764270424	0.5993769911989696	6363.206592811761	3659.8560999454976	0.007470268954103945	12.913046969215006	16.81497280263408	2.4025194377439547
	gen9ind0	1728.031676997086	0.0720259593839855	0.9905295100720328	0.6381900754651995	1.2122296764270424	0.5917486425776952	6369.050201187053	3088.919413797298	0.0029019213680614555	13.147432483686845	16.916061103295206	2.4025194377439547
	gen13ind19	1735.4790937204068	0.075653584815251	0.9905295100720328	0.619738855438632	1.1862160158401054	0.5996196338414086	6326.097944727379	3659.8560999454976	0.0057250168821184975	12.913046969215006	16.86070307927744	2.3399202326092805
	gen1ind16	1740.2762575130316	0.034283668122583134	0.9977228439475015	0.7133042721719698	1.1268640085136878	0.6143855790356688	6696.595918703977	128.96007789198165	1.6794377213869612e-05	12.603856701778117	16.719772640140583	2.5765777304726063
	gen9ind10	1742.0094150503023	0.059413512318846284	0.9996172771536007	0.5815623412781034	1.2189111491673166	0.5932576728623242	5834.828909548685	3858.4630680076457	0.006623528874101118	12.964837310327102	16.4216303556928	2.0470460843583838
	gen10ind12	1745.262260146006	0.07928121024651649	0.9905295100720328	0.6060490547681008	1.2122296764270424	0.5985269539137311	5973.867378161727	3977.908453592026	0.004962945779558008	12.913046969215006	16.92151813453544	2.4025194377439547
	gen9ind15	1752.7579323476195	0.07656974313133573	0.9790160017576106	0.5693722123024488	1.2126040246785035	0.5841709546418203	5894.445671248728	3858.4630680076457	0.0013919071277641694	13.189259198580075	16.43552303881477	2.0680429072082527
	gen5ind18	1753.1231273934409	0.07963361258093309	0.9969416792279533	0.5869927606800505	1.214280874129222	0.5873606302653558	6041.80681543979	3953.5471436275507	0.000511849091636255	13.429648085319815	16.949303500779386	2.401679423543425
	gen3ind6	1756.9832171492167	0.047126346747422464	0.9981195363037094	0.6292703654887201	1.2187215383266556	0.5841736269092432	6078.717892586291	401.0455221569964	0.00010368118360309605	13.181140704560057	16.59252798596453	2.6088609383551447
	gen10ind14	1759.305035244086	0.07928121024651649	0.9795160673092376	0.6060490547681008	1.2088889400569052	0.595628052821308	5925.310264293531	3977.908453592026	0.0023427877871938707	12.821749382535135	16.956125886999885	2.4025194377439547
	gen12ind19	1762.0507530821767	0.06772070896581114	0.9873099261244623	0.6326456671927888	1.174875098321301	0.6026698318195975	6222.26603919584	2414.9160945975873	0.007699994813096406	12.648995351807795	16.887741196908543	2.540773726208724
	gen7ind7	1772.1299443656044	0.07656974313133573	0.9790160017576106	0.6017405483275491	1.2186515135844007	0.5841709546418203	5938.803693992716	3858.4630680076457	0.001528066763973564	13.250949648677063	16.476497943714655	2.0680429072082527
	gen12ind8	1773.191777702837	0.07551476016444839	0.9996837492291285	0.5874613134398521	1.2159512423142904	0.5864345075175726	6088.5915520942735	3725.024121090355	0.0008476779000947576	13.427091254100084	16.655759679202653	2.44658610070442
	gen13ind6	1773.30625936124	0.07963361258093309	0.9969416792279533	0.5869927606800505	1.214280874129222	0.5872837545677072	6037.655538088732	3953.5471436275507	0.0016958867640995343	13.43880563971542	16.878287533287928	2.4407014910169345
	gen8ind19	1781.6155979948408	0.07056778317838794	0.994368096191736	0.6265731104806883	1.1887344842942786	0.6077711560250204	6436.200506403314	2633.795691231484	0.007717807301321493	12.720388488891288	16.92355878576049	2.4310184075440535
	gen11ind2	1783.3108574333216	0.07565164905572891	0.9836185176522837	0.6060490547681008	1.2088889400569052	0.5915086734863995	5925.310264293531	3977.908453592026	0.0023427877871938707	12.967667732659294	16.706407096326828	2.4025194377439547
	gen4ind18	1794.6405513040863	0.05744418281140788	0.9969416792279533	0.5869927606800505	1.1894116775777916	0.5841736269092432	6041.80681543979	2105.094116241192	0.001775158826175923	13.209033704539312	16.949303500779386	2.324280242615437
	gen6ind12	1796.3113319723454	0.06839072974739735	0.9970977206728415	0.6581396688842802	1.1605600388867368	0.6110783675303446	6456.705990978338	2825.144424590292	0.0038673008392676816	12.674006410791629	16.844096543702697	2.644389119830926
	gen10ind18	1798.429582883526	0.07056778317838794	0.992096154421344	0.6426436208292376	1.1887344842942786	0.6077711560250204	6436.200506403314	2633.795691231484	0.007717807301321493	12.720388488891288	16.920830270140375	2.4310184075440535
	gen6ind16	1811.4116460539774	0.034283668122583134	0.9977228439475015	0.6620573731480532	1.1268640085136878	0.588659348349877	6273.1473655203845	1993.7115729498137	0.0002821342226501496	12.854781075658419	16.919812008310853	2.5765777304726063
	gen5ind16	1815.1930302396183	0.07851067161738542	0.9812959263304187	0.5869927606800505	1.1894116775777916	0.5841736269092432	6007.837096800758	3596.1019860068063	0.001432858808070469	13.310973354348771	16.949303500779386	2.324280242615437
	gen5ind15	1819.2211146175114	0.07039158201117965	0.9914123764675085	0.6364738266819274	1.187708885443189	0.6077711560250204	6436.200506403314	2586.2536534215315	0.007717807301321493	12.720388488891288	16.93496062016089	2.3604548462487824
	gen7ind18	1825.6523417234705	0.07928121024651649	0.9685026245464424	0.659991943407517	1.2122296764270424	0.5817313342905608	5955.845382734178	3858.4630680076457	0.0024238501694863555	13.204366601852936	16.66634231262215	2.454547354970252
	gen10ind19	1833.765478182614	0.07928121024651649	0.9907070790464279	0.5929498432070486	1.213255275278132	0.5992759493446245	5903.558245340977	3957.9579986216672	0.004962945779558008	12.948503665622775	16.92151813453544	2.473082999039226
	gen13ind12	1834.538834383681	0.07627397563581509	0.9937355946499931	0.5753405519938322	1.2252022304962336	0.5871360464020379	5890.932373742222	3972.4075075006963	0.0009448141272883656	13.267676767429268	16.532033158852776	2.4025194377439547
	gen9ind14	1835.9044396903876	0.07928121024651649	0.9639587410056585	0.6254345405471535	1.2122296764270424	0.580445918739922	6043.386612468248	3858.4630680076457	0.0005474740680864296	13.176139519144535	16.781751949525837	2.4384989811958007
	gen10ind7	1837.1030040886683	0.07928121024651649	0.9707745663168343	0.6006725147100294	1.2122296764270424	0.583382033389786	5876.753150425335	3841.8715580312914	0.0013832128893728431	13.105705449538723	16.737144587331702	2.1715789608314235
	gen9ind9	1838.930575610344	0.07963361258093309	0.9923977956871693	0.5992361174250491	1.214280874129222	0.5877417117865548	6041.80681543979	3986.730163580259	0.0007943317163451383	13.429648085319815	16.80769895136028	2.579626103786343
	gen5ind3	1845.3145423727003	0.07928121024651649	0.9685026245464424	0.6108104741241368	1.2122296764270424	0.583382033389786	5973.867378161727	3858.4630680076457	0.0005474740680864296	13.105705449538723	16.66634231262215	2.2605523009528827
	gen8ind8	1846.1210190504573	0.078159830769059	0.976649721796157	0.6364738266819274	1.1866832865920993	0.6077711560250204	6436.200506403314	2586.2536534215315	0.007717807301321493	12.720388488891288	16.81830306052232	2.3604548462487824
	gen4ind1	1848.5876310783697	0.04699398101479235	0.9892398671451246	0.5711862131721441	1.2232990553877467	0.5841736269092432	6193.25182131234	260.6846793398588	0.001362878062383804	13.214347692574623	16.74829212242192	2.5486252425756355
	gen10ind16	1855.323391396225	0.07674594429854403	0.9822220863355708	0.5574633555804056	1.2126040246785035	0.5841709546418203	5925.852204315881	3858.4630680076457	0.0009589420921120588	13.351230516470622	16.57700363289339	2.0676229001079878
	gen6ind18	1860.874173909972	0.07963361258093309	0.9917427871950644	0.5869927606800505	1.2085763744169093	0.5873606302653558	6041.80681543979	3953.5471436275507	0.000511849091636255	13.440913675680816	16.823941967291127	2.401679423543425
	gen7ind4	1877.180798034605	0.07928121024651649	0.9685026245464424	0.6067941930825287	1.2122296764270424	0.583382033389786	5876.753150425335	3858.4630680076457	0.0013832128893728431	13.105705449538723	16.66634231262215	2.2605523009528827
	gen6ind6	1885.1036345760106	0.06122725330221823	0.9879896205958045	0.7134117344321399	1.2240618907651906	0.582577452963764	5973.867378161727	2875.648202253813	0.0010905587899650152	13.354647110601647	16.66634231262215	2.618420176423056
	gen9ind5	1885.879508984934	0.07963361258093309	0.9969416792279533	0.5869927606800505	1.214280874129222	0.6008143367096179	6041.80681543979	3436.8878219188737	0.001749545947388011	13.106101611870344	16.949303500779386	2.401679423543425
	gen8ind3	1896.6915747605976	0.07656974313133573	0.9790160017576106	0.5693722123024488	1.2255514223797634	0.5843836091387866	5829.1114724174095	2371.753746528093	0.0013919071277641694	13.321099357690574	16.43552303881477	2.1053398581617957
	gen6ind9	1899.44329126405	0.07656974313133573	0.9790160017576106	0.5693722123024488	1.2131168241040484	0.5841709546418203	5829.1114724174095	3858.4630680076457	0.0013919071277641694	13.321099357690574	16.43552303881477	2.0680429072082527
	gen8ind1	1907.7226738224163	0.07039158201117965	0.9914123764675085	0.6364738266819274	1.187708885443189	0.6077711560250204	6115.663288828265	3222.3583607145883	0.007717807301321493	12.720388488891288	16.93496062016089	2.372605096627423
	gen6ind15	1911.0701557102298	0.07039158201117965	0.9865607380069012	0.6314608797367023	1.187708885443189	0.6077711560250204	6436.200506403314	2586.2536534215315	0.007717807301321493	12.720388488891288	16.93496062016089	2.4685162883606946
	gen5ind8	1943.5638413140491	0.06122725330221823	0.9879896205958045	0.6108104741241368	1.2122296764270424	0.5942422329267166	6104.065084312058	2629.8162802428706	0.0005474740680864296	13.047439555982137	16.558748322611997	2.2605523009528827
	gen10ind0	1954.5764939733342	0.07963361258093309	0.9897729362388596	0.5773000177905241	1.214280874129222	0.5930377212411948	6007.047198286529	3986.730163580259	0.0027195849473720442	13.298101810355051	16.98081340671581	2.401679423543425
	gen7ind2	1965.1861741978496	0.0637447127307578	0.9980279338891452	0.6170798657486942	1.214280874129222	0.5873606302653558	6041.80681543979	3953.5471436275507	0.000511849091636255	13.429648085319815	16.899657431899286	2.401679423543425
	gen8ind10	1966.8429313746942	0.07056778317838794	0.9914123764675085	0.6364738266819274	1.1887344842942786	0.6077711560250204	6470.170225042345	2586.2536534215315	0.007717807301321493	12.882359806781835	16.93496062016089	2.3604548462487824
	gen8ind6	1977.4552491165268	0.0642107287709313	0.9996172771536007	0.5815623412781034	1.233222742361423	0.5910379376492021	5834.828909548685	3858.4630680076457	0.0007950014252976227	13.319467108541366	16.43552303881477	2.046626077258119
	gen9ind13	1981.4411234186869	0.07656974313133573	0.9790160017576106	0.5547481458794321	1.2131168241040484	0.5879989067715283	5829.1114724174095	3858.4630680076457	0.0033171603587910754	13.250665288084765	16.320113401911083	2.0389202046391293
	gen10ind17	1982.848993766182	0.07963361258093309	0.9969416792279533	0.5869927606800505	1.2020204786372952	0.595346157932066	6157.390097500186	3953.5471436275507	0.000511849091636255	13.429648085319815	16.949303500779386	2.3556714914718637
	gen8ind4	1999.2924690882294	0.07656974313133573	0.9790160017576106	0.6167528162875272	1.2131168241040484	0.5841709546418203	5829.1114724174095	3858.4630680076457	0.0013919071277641694	13.321099357690574	16.43552303881477	2.3241394842522123
	gen8ind9	2002.9804846876523	0.05958971348605458	0.9996172771536007	0.5849201639527435	1.148159333862524	0.6044932146131895	6215.906014176695	3858.4630680076457	0.0005474740680864296	12.964837310327102	16.588365733310702	2.061435364853793
	gen8ind14	2007.4032064722828	0.07116880886877319	0.9790160017576106	0.5826582838384122	1.2072467211963156	0.5841709546418203	5931.612160908118	3858.4630680076457	0.0020570998526439678	13.37317405939497	16.476497943714655	2.081466833489242
	gen7ind3	2009.8434546896324	0.04699398101479235	0.9892398671451246	0.5583545368932488	1.2355594508796734	0.5825908346399086	6027.184110266713	282.46599275052836	0.001362878062383804	13.377873226120048	16.74829212242192	2.5486252425756355
	gen3ind9	2010.7500403591105	0.0371482326345614	0.9969416792279533	0.6448019443583048	1.1894116775777916	0.5841736269092432	6041.80681543979	876.4473284764172	0.001775158826175923	13.150767810982726	16.676327562829407	2.5205171017115635
	gen8ind12	2013.0036786481128	0.06507088681477897	0.9685026245464424	0.5810229657739898	1.211378280359741	0.5850327324890112	5973.867378161727	3858.4630680076457	0.0005474740680864296	13.105705449538723	16.79565884128789	2.0665572469355133
	gen4ind19	2033.036664387308	0.07928121024651649	0.9656501734328842	0.6108104741241368	1.2122296764270424	0.5909350214213924	5989.16743760498	3858.4630680076457	0.0005474740680864296	13.105705449538723	16.424608976334305	2.2605523009528827
	gen3ind2	2033.7015397121877	0.0371482326345614	0.9892398671451246	0.5762996165446399	1.2330357567322414	0.5841736269092432	6193.25182131234	260.6846793398588	0.001362878062383804	13.214347692574623	16.63288248551823	2.5486252425756355
	gen9ind18	2062.306794989645	0.07496545315650438	0.9928392288849072	0.6144485033819624	1.214280874129222	0.5957272394532649	6342.4926138671035	3317.4424363344933	0.000511849091636255	13.429648085319815	16.949303500779386	2.558593808038757
	gen9ind11	2067.7814481237174	0.07301174503227406	0.9802664372501955	0.6581396688842802	1.1605600388867368	0.6110211701091756	6259.509145496577	2825.144424590292	0.0002643217344250625	12.674006410791629	16.85934979075543	2.644389119830926
	gen3ind5	2085.4882653228387	0.05958971348605458	0.9996172771536007	0.5983092977036538	1.164899300667019	0.6044932146131895	5895.368796601646	3858.4630680076457	0.0005474740680864296	12.964837310327102	16.43552303881477	2.061435364853793
	gen4ind9	2102.3429859094203	0.07539515054180396	0.9656501734328842	0.6108104741241368	1.1737901131844193	0.5900047221385627	5840.389134161269	3858.4630680076457	0.004164529799795788	13.105705449538723	16.66634231262215	2.1947570273587074
	gen11ind5	2102.423550611286	0.0725305601073822	0.9786480798792644	0.6664086490288723	1.1277871157357175	0.6199657173426376	6625.194555599337	2080.4849884181895	0.0074462649403822	12.595917658359827	16.99688933005404	2.1902438681240404
	gen6ind4	2104.201018930842	0.0371482326345614	0.9969416792279533	0.6212378034055038	1.188255815860416	0.5841736269092432	5884.489437113505	876.4473284764172	0.001775158826175923	13.150767810982726	16.49075007709957	2.3743111321912984
	gen6ind5	2111.75493328856	0.04460557861390911	0.9939124206424637	0.7134117344321399	1.2122296764270424	0.580863743136496	5852.39303561624	3212.058264878403	0.0010905587899650152	13.398373287556685	16.66634231262215	2.618420176423056
	gen7ind15	2112.1821667422328	0.06580941765669894	0.9698298078349159	0.6108104741241368	1.2122296764270424	0.5925122347698674	6104.065084312058	2629.8162802428706	0.0005474740680864296	13.047439555982137	16.68497566963788	2.1315696358657457
	gen4ind16	2117.681130747623	0.05958971348605458	0.9945576117390771	0.5983092977036538	1.2131955468947657	0.6044932146131895	6085.285772306674	3858.4630680076457	0.0005474740680864296	12.964837310327102	16.43552303881477	2.061435364853793
	gen6ind10	2122.8347749323552	0.039095776133770584	0.9969416792279533	0.6960488433822214	1.1894116775777916	0.6044697578265699	6400.156515548217	413.9807726990273	0.001775158826175923	12.917710793519715	16.676327562829407	2.748444954283521
	gen5ind4	2126.18832771918	0.046323178456411554	0.9970977206728415	0.6581396688842802	1.1268640085136878	0.6143855790356688	6586.9036971286705	1604.6468706612536	1.6794377213869612e-05	12.674006410791629	16.736502553692542	2.5765777304726063
	gen7ind10	2129.726088087127	0.039095776133770584	0.9969416792279533	0.6868188976999298	1.1894116775777916	0.6044697578265699	6400.156515548217	413.9807726990273	0.001775158826175923	12.917710793519715	16.713234726158216	2.748444954283521
	gen4ind2	2138.059572367963	0.047126346747422464	0.9833990846254088	0.5762996165446399	1.2330357567322414	0.5943334207612163	6041.80681543979	1084.42211247237	0.00030402081354559114	12.944923339865028	16.5342027621665	2.3935559240634743
	gen7ind13	2145.8857297324444	0.07797580035694177	0.9530439496216608	0.6012876354120646	1.1787497428180522	0.6077711560250204	6614.941813311825	2586.2536534215315	0.0074462649403822	12.595917658359827	16.93496062016089	2.2362518001956015
	gen6ind8	2147.172416955767	0.0603696324637404	0.9757666235699739	0.6534960867764664	1.187708885443189	0.6077711560250204	6385.245928444767	2538.711615611579	0.007717807301321493	12.720388488891288	16.93496062016089	2.2617329346851123
	gen0ind3	2165.135896307428	0.07928121024651649	0.9656501734328842	0.6108104741241368	1.2122296764270424	0.5909350214213924	5973.867378161727	3858.4630680076457	0.0005474740680864296	13.105705449538723	16.66634231262215	2.2605523009528827
	gen9ind4	2165.5759429237105	0.07039158201117965	0.9516699950740274	0.5619344724212308	1.209420179540769	0.5874750251076939	6466.470449929794	3836.681754596976	0.005792554070294587	12.942179915993298	16.918797006673916	2.3678594900466194
	gen4ind13	2179.7434669852883	0.06122725330221823	0.9879896205958045	0.7134117344321399	1.2122296764270424	0.5909350214213924	5973.867378161727	3212.058264878403	0.0010905587899650152	13.354647110601647	16.66634231262215	2.618420176423056
	gen7ind5	2180.5738027902066	0.047126346747422464	0.9915798259982955	0.6292703654887201	1.194612776608141	0.5943347568949278	6111.846554678409	401.0455221569964	0.00010368118360309605	13.181140704560057	16.59252798596453	2.6055571671779147
	gen2ind15	2186.655844017368	0.05958971348605458	0.9656501734328842	0.6210372808691285	1.164899300667019	0.5909350214213924	5973.867378161727	3858.4630680076457	0.0005474740680864296	12.964837310327102	16.43552303881477	2.2042356004160846
	gen5ind1	2186.9792693409754	0.0371482326345614	0.9916955434519115	0.5869927606800505	1.1501022349336731	0.5841736269092432	6041.80681543979	876.4473284764169	0.001775158826175923	13.150767810982726	16.57493456438818	2.5205171017115635
	gen6ind0	2189.9799012078292	0.07039158201117965	0.9516699950740274	0.5535609942084556	1.2369389032164628	0.5874750251076939	6436.200506403314	3836.681754596976	0.007717807301321493	12.942179915993298	16.918797006673916	2.3604548462487824
	gen5ind10	2194.352111322386	0.05958971348605458	0.9656501734328842	0.6210372808691285	1.1763083000916443	0.5909350214213924	5939.897659522696	3858.4630680076457	0.00020517404998097565	12.964837310327102	16.43552303881477	2.2042356004160846
	gen7ind17	2196.589925207384	0.05982320486373638	0.9888492847853505	0.5868561392013198	1.2032558104599915	0.5893388474759131	6193.25182131234	2172.978212207643	0.001362878062383804	13.372756615654527	16.747647915837632	2.461176089111045
	gen8ind18	2197.4146668724256	0.07631471305557229	0.9790160017576106	0.561476097134134	1.1953512584484636	0.5943762175216527	6115.678971353427	3174.816322904636	0.0049948862326067885	13.321099357690574	16.43552303881477	2.014670904465659
	gen8ind15	2200.248686607352	0.039095776133770584	0.9737627098203944	0.6960488433822214	1.1894116775777916	0.6045269552477389	6597.353361029978	355.54807818374	0.005378137931018542	12.673976708856458	16.676327562829407	2.748444954283521
	gen6ind1	2206.046128576709	0.05958971348605458	0.9893588092604613	0.5983092977036538	1.1504302925852903	0.6044932146131895	5895.368796601646	2580.2667143660883	0.0021125740027750075	12.890720039690027	16.165315821818353	2.061435364853793
	gen2ind10	2221.9424480231432	0.034283668122583134	0.9769816375355895	0.7184792385254994	1.105897508159414	0.6143855790356688	6883.169176711637	255.08709704065825	0.00074777635577947	12.537011437433506	16.719772640140583	2.8908055628387204
	gen8ind17	2222.7373195918353	0.07527354950392394	0.9535799532085829	0.6023931650130095	1.2380644951971953	0.5904661336804933	5973.867378161727	3858.4630680076457	0.00013977207093774236	13.02225138124248	16.629275231169032	2.2605523009528827
	gen8ind0	2228.1670080267622	0.06711044108559391	0.9790160017576106	0.5693722123024488	1.208607733474786	0.5857644563198766	5829.1114724174095	2295.1056998485083	0.000966392642390395	13.42874955406317	16.43552303881477	2.0680429072082527
	gen9ind19	2235.626841018783	0.06651158248951629	0.9914123764675085	0.6267115887365022	1.1862430066789154	0.6081656166510376	6470.170225042345	2586.2536534215315	0.007717807301321493	12.995230594635897	16.840038435707143	2.3604548462487824
	gen6ind19	2236.2257259069447	0.07928121024651649	0.9522679431110298	0.606693931814341	1.2122296764270424	0.583382033389786	5974.900192425195	2412.8281590670294	0.0008550661188744826	13.20196267071428	16.58783983904727	2.2605523009528827
	gen9ind8	2246.7860658522277	0.07039158201117965	0.9719826189685057	0.6078490867240869	1.200063498837899	0.6098176518839744	6667.3670705241075	2586.2536534215315	0.007717807301321493	12.720388488891288	16.938812032813225	2.3394225505011965
	gen4ind15	2250.8006303571196	0.034283668122583134	0.9977228439475015	0.7133042721719698	1.102066539930965	0.6143855790356688	6956.719231026735	815.7130298728523	0.0035514340107349503	12.684785299612853	16.679418140586883	2.9931466877553152
	gen5ind0	2251.0424322224544	0.0651223403006366	0.9750917767935369	0.7133042721719698	1.1382730079383132	0.6348344947613698	6820.764484528913	128.96007789198165	1.6794377213869612e-05	12.581325521056115	16.26626357628161	2.716408006096798
	gen3ind18	2257.2823804739032	0.034283668122583134	0.9977228439475015	0.7133042721719698	1.102066539930965	0.6143855790356688	6696.595918703977	1293.4440471630464	0.003298273754657448	12.603856701778117	16.679418140586883	2.9348194992017396
	gen6ind11	2291.663312166389	0.07797580035694177	0.9530439496216608	0.6012876354120646	1.1787497428180522	0.6077711560250204	6614.941813311825	2586.2536534215315	0.007717807301321493	12.720388488891288	16.93496062016089	2.2362518001956015
	gen3ind10	2293.9074527803805	0.024627575685455785	0.9942467148784795	0.6275465155685565	1.2330357567322414	0.5841736269092432	6403.171085710915	1084.42211247237	0.00010368118360309605	13.181140704560057	16.63288248551823	2.6088609383551447
	gen2ind19	2297.0665938393304	0.047126346747422464	0.9782103796211707	0.5762996165446399	1.2330357567322414	0.5841736269092432	6041.80681543979	1084.42211247237	0.00010368118360309605	13.181140704560057	16.63288248551823	2.6088609383551447
	gen8ind5	2302.778512294074	0.0694857855343012	0.9530439496216608	0.6012876354120646	1.1787497428180522	0.6077711560250204	6614.941813311825	2586.2536534215315	0.0074462649403822	12.595917658359827	16.93496062016089	2.2362518001956015
	gen2ind13	2306.1365429850216	0.0371482326345614	0.9892398671451246	0.5762996165446399	1.2330357567322414	0.5841736269092432	6041.80681543979	302.1844379257186	0.001362878062383804	13.437272039717161	16.63288248551823	2.4920453934371336
	gen0ind19	2316.4844722413427	0.0664570363283003	0.9530439496216608	0.6073627742838095	1.1554924453248594	0.6077711560250204	6436.200506403314	3019.8953471507143	0.007717807301321493	12.524404455980573	16.800481639247987	2.1743220253804543
	gen6ind7	2317.414765166296	0.07514428984807585	0.9750917767935369	0.7076460036601682	1.1382730079383132	0.6348344947613698	6893.983493947985	128.96007789198165	1.6794377213869612e-05	12.813730908552472	16.26626357628161	2.716408006096798
	gen2ind8	2333.6827839909524	0.07928121024651649	0.9656501734328842	0.6556025507538855	1.2122296764270424	0.5909350214213924	5973.867378161727	3858.4630680076457	0.0010905587899650152	13.354647110601647	16.66634231262215	2.331237849946578
	gen9ind7	2344.26255225533	0.07583682226073922	0.9516699950740274	0.5701036031716162	1.2369389032164628	0.5874750251076939	6194.781199995008	3836.681754596976	0.00647304646315789	13.158029435366846	16.918797006673916	2.3604548462487824
	gen2ind17	2359.149976123198	0.04405585149465906	0.9907375296910714	0.7133042721719698	1.1268640085136878	0.6348344947613698	6820.764484528913	128.96007789198165	1.6794377213869612e-05	12.603856701778117	16.26626357628161	2.8463904064761385
	gen9ind16	2366.378246368538	0.04699398101479235	0.9763071313224778	0.5612967544730643	1.2232990553877467	0.5880209344083739	6193.25182131234	260.6846793398588	0.001362878062383804	13.407006172898342	16.74829212242192	2.46339218928005
	gen7ind11	2406.9396293534837	0.07756890765499194	0.947193965757953	0.5535609942084556	1.2369389032164628	0.5908557223637685	6480.889476927425	2995.5127772020314	0.007717807301321493	13.04411956580276	16.918797006673916	2.4825093683646613
	gen5ind7	2417.854946614968	0.07306150607587213	0.9656501734328842	0.6210372808691285	1.164899300667019	0.5909350214213924	6080.783521113228	3858.4630680076457	0.0007188652851792021	13.373655146911172	16.43552303881477	2.0680429072082527
	gen7ind19	2440.9613364542324	0.059476099780297664	0.9695010794742985	0.6108104741241368	1.2028522351255326	0.5909350214213924	5989.16743760498	2295.1056998485083	0.00012195958271265508	13.213355645911319	16.424608976334305	2.2605523009528827
	gen7ind0	2444.566837782484	0.038266870021774924	0.9969416792279533	0.6960488433822214	1.1716461119222068	0.6146750207064022	6400.156515548217	309.6659724039823	0.001775158826175923	12.917710793519715	16.676327562829407	2.748444954283521
	gen8ind13	2478.899444802625	0.0681300519767108	0.96860127592524	0.5970451877226273	1.1787497428180522	0.6183267466367222	6614.941813311825	2586.2536534215315	0.007717807301321493	12.649954419285478	16.93496062016089	2.1366933321460566
	gen6ind3	2490.6870923778106	0.039359415751724705	0.9981195363037094	0.6292703654887201	1.2187215383266556	0.5993442669833333	6541.415736549925	1503.7059729008356	0.00010368118360309605	13.181140704560057	16.50789825469795	2.9986615408336825
	gen3ind4	2495.3540295022335	0.04636322880193136	0.9530439496216608	0.5723449562534308	1.1561566302469952	0.5974190044067967	6102.244879070968	2586.2536534215315	0.007717807301321493	12.58551355490016	16.935983360359774	2.3604548462487824
	gen5ind19	2511.1749579334037	0.04493094654594223	0.9530439496216608	0.6091836033370281	1.1561566302469952	0.5974190044067967	6522.9260597068915	2586.2536534215315	0.007204116066123267	12.58551355490016	16.957705899015362	2.545599076812361
	gen0ind17	2559.2557483689707	0.034283668122583134	0.9769816375355895	0.7133042721719698	1.105897508159414	0.6143855790356688	6696.595918703977	536.2430298286725	0.0010876710375788573	12.603856701778117	16.719772640140583	2.9859585687821144
	gen5ind11	2560.2221195361526	0.02625647942920805	0.9625082104956717	0.6745163503055034	1.1268640085136878	0.6143855790356688	6696.595918703977	145.25854556345473	1.6794377213869612e-05	12.603856701778117	16.719772640140583	2.2248320675321427
	gen3ind0	2592.944079153564	0.03571595037857227	0.9912367770008368	0.6448019443583048	1.2330357567322414	0.5992796029724561	6369.201367071883	215.54657936447552	0.00048369583790277724	13.437272039717161	16.676327562829407	2.4920453934371336
	gen4ind17	2606.4084383125282	0.04247187184624095	0.9701434534555367	0.5599288775077972	1.2330357567322414	0.5841736269092432	6193.25182131234	1446.0382163683869	0.001362878062383804	13.214347692574623	16.63288248551823	2.48282996898146
	gen7ind1	2609.1444574313145	0.039095776133770584	0.9807188736091264	0.6960488433822214	1.1634688104256095	0.6077769693318941	6440.983568244293	854.6660150657476	0.001775158826175923	12.85944489996313	16.568733572819255	2.9186079194220236
	gen4ind6	2632.4983528125026	0.047126346747422464	0.9612268277608125	0.5762996165446399	1.2330357567322414	0.5841736269092432	6081.05610621983	1084.42211247237	0.00010368118360309605	13.181140704560057	16.63288248551823	2.6802610561362905
	gen4ind11	2638.35602860154	0.034283668122583134	0.982077091049967	0.7133042721719698	1.102066539930965	0.6143855790356688	6696.595918703977	2784.4519169286605	0.002955973736551994	12.603856701778117	16.679418140586883	2.9348194992017396
	gen1ind14	2664.9767023716186	0.07039158201117965	0.9530439496216608	0.597685904815461	1.1942560692597857	0.6077711560250204	6436.200506403314	2586.2536534215315	0.007717807301321493	12.720388488891288	16.93496062016089	2.3604548462487824
	gen5ind12	2718.715729960473	0.07039158201117965	0.9530439496216608	0.6681655627747305	1.1672110241017706	0.6162544433394564	6733.376026219818	2685.352785175096	0.005336890518936744	12.729560062330266	16.806678010274446	2.3604548462487824
	gen7ind14	2744.350706445811	0.04699398101479235	0.9821658219693308	0.5711862131721441	1.1759176809907825	0.6095040608353065	6543.617657630162	194.82237861592023	0.0006898362197988368	13.214347692574623	16.56498266780361	2.5486252425756355
	gen2ind14	2763.3863668120057	0.070736343130206	0.9920333188169435	0.6904977926674404	1.2072259909420178	0.6551823293414725	6974.125803637979	86.22503403450311	0.00893798124358817	12.83580352972973	16.393637857294614	2.83205308333748
	gen2ind3	2765.8759734831865	0.046318324836675896	0.9890125229696621	0.6245328334241583	1.1917568266172345	0.6402030090325914	6988.965179294158	86.22503403450311	0.006757403139317705	12.83580352972973	16.563467899890345	2.898571771003518
	gen7ind12	2779.6632499546686	0.06989766274043319	0.9479320169279039	0.597685904815461	1.1942560692597857	0.607769819891309	6254.130331955848	3614.8571522445745	0.007732321834011676	12.773764321449264	16.83628089680916	2.3604548462487824
	gen3ind15	2809.7017384127385	0.056478601926070515	0.9656501734328842	0.6210372808691285	1.164899300667019	0.600905129774538	5973.867378161727	3858.4630680076457	0.002512393387254783	13.052886723478512	16.43552303881477	2.2042356004160846
	gen5ind17	2819.7137976060885	0.019638518629025253	0.9912367770008368	0.6540318900405965	1.2330357567322414	0.5958989057163815	6421.626624284165	215.54657936447552	0.00048369583790277724	13.437272039717161	16.676327562829407	2.4920453934371336
	gen5ind9	2825.801536561065	0.043339710366664494	0.9917359846189275	0.6924445639211977	1.1268640085136878	0.6423874827929762	6820.764484528913	128.96007789198165	1.6794377213869612e-05	12.715318875349386	16.26626357628161	2.8463904064761385
	gen5ind6	2839.3256863589545	0.04699398101479235	0.9884910358721511	0.5973161146415209	1.2036150705029764	0.60115680701682	5879.495489704053	326.5469800637974	0.001362878062383804	13.480406812027123	16.93160157704023	2.5486252425756355
	gen6ind13	2843.932003878734	0.06378737826829037	0.987972878310849	0.7189774549216307	1.149677800326398	0.6432525620631837	6820.764484528913	547.1446294010755	0.003516265385285015	12.581325521056115	16.26626357628161	2.862613975617063
	gen6ind14	2848.423219475594	0.0666575879270183	0.9750917767935369	0.7133042721719698	1.1382730079383132	0.6348344947613698	6820.764484528913	265.00280002448903	1.6794377213869612e-05	12.869967522447086	16.42939578112307	2.597643272036301
	gen3ind19	2878.006559042665	0.0664570363283003	0.9503826757972617	0.5849939421215652	1.1895606733574706	0.6189274372828757	6656.743483050006	1241.7560321097508	0.007377912619522106	12.61646368323105	16.899161362599717	2.1743220253804543
	gen5ind2	2986.5966360331267	0.04405585149465906	0.9907375296910714	0.7133042721719698	1.1858014330977293	0.6348344947613698	6979.897975520427	128.96007789198165	0.0012784044724176247	13.06068844725365	16.486274373913865	2.8463904064761385
	gen3ind12	2998.8212483389284	0.029799681657486688	0.9757695042619314	0.7133042721719698	1.1156371839715487	0.6348344947613698	6735.176515978365	128.96007789198165	0.0006100016957581	12.603856701778117	16.18622274737848	2.7529285644410355
	gen4ind14	3057.36714850128	0.044954955269447955	0.9815318495716687	0.6879078059615638	1.1214887344463134	0.6452499742567593	6839.70438534246	128.96007789198165	0.0009186478842178481	12.643980778284128	16.18622274737848	2.8485948516009496
	gen3ind13	3057.3896746257906	0.07617009868653243	0.921711106978375	0.6108104741241368	1.1998187239505382	0.5909350214213924	5973.867378161727	3858.4630680076457	0.0016862854414211048	13.105705449538723	16.400890194961775	2.2605523009528827
	gen2ind2	3100.527030397244	0.0664570363283003	0.9503826757972617	0.6073627742838095	1.1554924453248594	0.6223081345389503	6622.773764410975	3019.8953471507143	0.007377912619522106	12.61646368323105	16.800481639247987	2.1743220253804543
	gen0ind10	3109.1014799965883	0.05411466844189688	0.9948494101258252	0.6798046485320298	1.2072259909420178	0.6551823293414725	6828.67735088026	86.22503403450311	0.008090694518839045	12.83580352972973	16.393637857294614	2.884053896688349
	gen5ind14	3155.4944849012245	0.034283668122583134	0.9773722198953636	0.7184792385254994	1.105897508159414	0.6294915550988816	6883.169176711637	772.9799221339468	0.00074777635577947	12.537011437433506	16.60500720982118	2.8908055628387204
	gen6ind2	3172.662850587587	0.02625647942920805	0.9625082104956717	0.6745163503055034	1.1268640085136878	0.6143855790356688	6696.595918703977	1693.6306487704387	1.6794377213869612e-05	12.603856701778117	16.719772640140583	2.2248320675321427
	gen0ind6	3184.7559263368603	0.0371482326345614	0.9586761322394244	0.5762996165446399	1.2330357567322414	0.5841736269092432	6041.80681543979	1084.42211247237	0.001775158826175923	13.421141334635156	16.63288248551823	2.4644564729505207
	gen7ind9	3287.812020427637	0.06361302017873831	0.9750917767935369	0.7076460036601682	1.1512855370727162	0.636427996439426	6972.642183111127	1667.5099854675484	0.0006148604900559644	12.813730908552472	16.26626357628161	2.716408006096798
	gen5ind13	3457.1589413766233	0.034562261724936115	0.9899164329644579	0.7152816023175743	1.2183894458655877	0.6179873481497427	6369.201367071883	215.54657936447552	0.00048369583790277724	13.437272039717161	16.341467670790323	2.7350131735508114
	gen4ind0	3562.1008799708566	0.06656432932320103	0.9100956798003783	0.5931491468558271	1.1372447180854532	0.6077711560250204	6436.200506403314	2586.2536534215315	0.009814766879428193	12.64169239909913	16.714949822528634	2.139980563772439
	gen1ind2	3617.994935915609	0.046318324836675896	0.9773126009582258	0.6798046485320298	1.1772466679281384	0.6551823293414725	6988.965179294158	86.22503403450311	0.008090694518839045	12.83580352972973	16.727029949177556	2.988210248798548
	gen3ind8	3791.872198605054	0.0371482326345614	0.9586761322394244	0.5762996165446399	1.2005218523453753	0.5972309962893982	6041.80681543979	1084.42211247237	0.001775158826175923	13.421141334635156	16.86249077760941	2.112712000833487
	gen0ind2	3922.1682646387235	0.07232292863195279	0.991460871542623	0.6746078095745884	1.190039423124994	0.6599943740433573	6549.281725761372	1842.2810325831877	0.006036820212077346	12.773380922676191	16.52154175398263	2.2460883318884584
	gen1ind5	3999.452733026617	0.0371482326345614	0.9586761322394244	0.5659616413542441	1.237455323727335	0.6005123574369018	6090.120123517993	2433.779147443361	0.001775158826175923	13.338858035289746	16.63288248551823	2.4644564729505207
	gen1ind9	4116.745880985378	0.05835279992513435	0.9352762882165517	0.6868432467603829	1.204015439354049	0.6141322675270053	6083.54384740294	3382.388397480112	0.0044417415852186035	13.022287778106419	16.960006584092653	2.2380205125546526
	gen2ind11	4167.930448395624	0.034283668122583134	0.9932183702672901	0.7084412983596142	1.1438349593365849	0.6510299034017619	6696.595918703977	701.0058968364785	0.002399992247446826	12.736798819481141	16.76721020288564	2.9919047089785114
	gen4ind12	4359.32991085591	0.012294476068937597	0.9053402373582717	0.635728428439037	1.1151609075641584	0.6140035357705906	6267.701806987069	161.5570132349278	0.0008643267638337431	12.523608548766093	16.108023357678448	2.0494372385601087
	gen4ind8	4363.512534938139	0.011959893913688582	0.9053402373582717	0.6434942178738294	1.1223180167669513	0.6215565238021971	6115.768024413361	68.80754183866736	0.003074093537165766	12.651674216344645	16.278205755997334	2.0494372385601087
	gen3ind7	4420.593831501408	0.013745304270736516	0.9053402373582717	0.635728428439037	1.1151609075641584	0.6140035357705906	5970.5262871705645	161.5570132349278	0.003074093537165766	12.523608548766093	16.236305967564896	2.0494372385601087
	gen4ind3	4732.758306133482	0.014039470747638432	0.9932183702672901	0.7125374398285977	1.1438349593365849	0.6510299034017619	6463.7588090876025	701.0058968364785	0.002399992247446826	12.638408849418543	16.41788287658764	2.9919047089785114
	gen5ind5	4840.480479334289	0.018631395956774478	0.909670456678824	0.635728428439037	1.1275596418555198	0.6140035357705906	6032.610570083032	1206.1889062834116	0.003074093537165766	12.523608548766093	16.02972868541226	2.0494372385601087
	gen2ind5	4869.893523231096	0.06767787513014129	0.9353888764855824	0.5865034759553422	1.2194019742584348	0.617002011888738	6647.598758799491	2044.28634210441	0.009552320023692303	13.457424836590073	16.006346756344787	2.714693768937967
	gen2ind0	5101.929399463613	0.0371482326345614	0.9211917499704437	0.5762996165446399	1.2141121668225874	0.6114314327520372	6190.757602967133	544.9096458838872	0.001775158826175923	13.144603749082975	16.63288248551823	2.4644564729505207
	gen0ind15	5138.961553397082	0.06377970332753079	0.9266204719017828	0.5865034759553422	1.2194019742584348	0.617002011888738	6727.742673006441	2044.28634210441	0.009552320023692303	13.457424836590073	16.160349289596684	2.714693768937967
	gen3ind14	5199.909229590106	0.024605210089337134	0.9211917499704437	0.5762996165446399	1.2053575064827446	0.6114314327520372	6190.757602967133	544.9096458838872	0.001775158826175923	13.144603749082975	16.748934715616375	2.1039548254529796
	gen0ind9	5214.219785942689	0.05963899514552167	0.874891830457051	0.6613134690035888	1.1369899010612992	0.598027084261826	5986.2423279225895	1665.3514873715878	0.0028626253129023977	13.151818337009644	16.558867548352026	2.5552126949585285
	gen4ind10	5281.240350441419	0.02806144500261501	0.9053402373582717	0.6060140224918384	1.177950478967618	0.6194108413112862	5948.008174436456	534.6893259503832	0.0038220072567251955	12.713110263736326	16.434594226541563	2.0510968284844466
	gen1ind11	5455.062846617297	0.07176632896507351	0.9352762882165517	0.6969469275433069	1.204015439354049	0.6424914148394304	5847.646091147158	3592.791515362791	0.0044417415852186035	13.022287778106419	16.769723943951526	2.3156931233678444
	gen3ind17	5518.756245470942	0.07408918211644529	0.8906814088949229	0.6271582866687607	1.1934001426844	0.633725354299842	5910.404682945288	3355.810370111488	0.009180595891859563	12.552630278434362	16.039151452295542	2.642704990686863
	gen4ind7	5559.686615575997	0.02806144500261501	0.927878030699296	0.6641911330566816	1.1190130543835766	0.6277031069931831	5900.604417059505	464.37561360498785	0.000870551935256978	13.010923838566274	16.236305967564896	2.0510968284844466
	gen4ind4	5693.110745538461	0.02806144500261501	0.8966158043555924	0.6381599153452148	1.1049141667010585	0.6262280914217638	5931.658208939038	464.37561360498785	0.004677614994116177	12.646639204884814	16.054187760188682	2.0510968284844466
	gen0ind11	5790.51347190175	0.05835279992513435	0.9352762882165517	0.6868432467603829	1.204015439354049	0.6424914148394304	5847.646091147158	3592.791515362791	0.0044417415852186035	13.022287778106419	16.960006584092653	2.3156931233678444
	gen1ind17	5800.335995649395	0.055941871210824	0.9352762882165517	0.6868432467603829	1.2341824473109884	0.6424914148394304	5847.646091147158	3592.791515362791	0.0044417415852186035	13.022287778106419	16.99255585316229	2.3156931233678444
	gen4ind5	5950.176560628575	0.01851953388086335	0.9932183702672901	0.7084412983596142	1.1208918361948637	0.6727252905620457	6665.8461847740355	1036.0378303648504	0.0044650627104616996	12.736798819481141	16.76721020288564	2.9153353230126924
	gen1ind7	5969.362920970366	0.07408918211644529	0.8906814088949229	0.6732917823201814	1.1743824966077345	0.6454506331069801	6271.768953216413	2779.43813483068	0.008915256046423283	12.552630278434362	16.039151452295542	2.828876055715124
	gen2ind9	5996.5698532193	0.015337442938416202	0.9263583937291088	0.6271572889333985	1.1190130543835766	0.6343257957419599	5912.367910301844	464.37561360498785	0.004677614994116177	12.713110263736326	16.236305967564896	2.3873553911997982
	gen2ind18	6067.281988987434	0.02984046025078961	0.9053402373582717	0.5710736857515288	1.1190130543835766	0.6343257957419599	5912.367910301844	464.37561360498785	0.0031881494392746643	12.713110263736326	16.05503393677247	2.0510968284844466
	gen3ind11	6081.171231045243	0.0371482326345614	0.9074076515532408	0.5725157955730988	1.2141121668225874	0.6114314327520372	6190.757602967133	2123.6382314694706	0.001775158826175923	13.329057064111765	16.582448540386487	2.4644564729505207
	gen2ind4	6086.419674009917	0.07789716666928619	0.9213056597036914	0.6217555828755892	1.1952119324091572	0.6550300989784072	6580.279164966536	1300.825331571813	0.0032238372911146907	12.982860131718581	16.052988456374703	2.7776458645617166
	gen1ind1	6161.540281639373	0.02806144500261501	0.9053402373582717	0.635728428439037	1.1190130543835766	0.6343257957419599	5912.367910301844	464.37561360498785	0.004677614994116177	12.713110263736326	16.236305967564896	2.0510968284844466
	gen0ind16	6281.9457265922365	0.02806144500261501	0.9053402373582717	0.635728428439037	1.1112837300679932	0.6294566048207011	6202.339731478856	1529.0319193893718	0.006773502725693308	12.874006818354578	16.236305967564896	2.010114379096108
	gen3ind16	6327.448084538949	0.07569074637160572	0.9213056597036914	0.6217555828755892	1.1952119324091572	0.6550300989784072	6255.825971841912	1720.1091920002787	8.016037633614553e-05	12.982860131718581	16.014081206938215	2.7776458645617166
	gen1ind18	6375.882505086779	0.07789716666928619	0.9213056597036914	0.557100840188081	1.1745270140317348	0.6550300989784072	6331.880979052812	1767.3339526965945	0.0017343717362731785	12.982860131718581	16.052988456374703	2.7776458645617166
	gen3ind1	6518.448573082611	0.02806144500261501	0.9053402373582717	0.7119872270246647	1.1190130543835766	0.6412624065413435	5912.367910301844	664.9704115963636	0.00416392375891795	12.713110263736326	16.279751044876072	2.0510968284844466
	gen1ind8	6583.196606106886	0.014327439896861006	0.9586543491840089	0.6287817563742021	1.1040794831049323	0.6470630400909858	6772.824224962509	3234.957099770655	0.0033597496623595235	13.083857961928313	16.80038182605402	2.2877687996633584
	gen1ind19	7238.183942432975	0.04531412414722704	0.9352762882165517	0.699118535707452	1.204015439354049	0.6532578598015744	5847.646091147158	3592.791515362791	0.0044417415852186035	13.29829202650505	16.960006584092653	2.4485430848994616
	gen0ind8	7344.0479467142195	0.012926200201892443	0.8671390693185117	0.5980491305954478	1.1466559769560165	0.6248089693427948	6580.928364253714	3003.1485958070643	0.003667870102410019	12.656980788504194	16.917570482801466	2.3564430333253092
	gen0ind5	7360.638709291356	0.018969806404210525	0.9486389768356198	0.7072968602503663	1.124235113438532	0.67156537186729	6220.792607162479	2514.8157716087785	0.00209364993012978	12.740551499683175	16.78831505104966	2.1253871114810563
	gen1ind15	7670.230350407829	0.035338121910933135	0.8985712581238499	0.6991583874687266	1.1296987430721652	0.6395706611256036	6044.362227955173	1600.4978349360192	0.000991733980523696	13.30264050039054	16.216338651063907	2.1280225122188883
	gen1ind3	7912.027037641596	0.05963899514552167	0.8783390057483006	0.6388704158615319	1.1369899010612992	0.6459572205804491	6224.054385424351	1337.5866658321504	0.0028626253129023977	13.151818337009644	16.558867548352026	2.5552126949585285
	gen1ind12	7985.663057650102	0.018969806404210525	0.9299537405677534	0.7072968602503663	1.1093546878340024	0.67156537186729	6220.792607162479	2090.1312616241294	0.003761952221619829	12.740551499683175	16.4983680364779	2.1253871114810563
	gen0ind14	8091.884992458927	0.014327439896861006	0.9140612866404024	0.6287817563742021	1.114736642149601	0.6470630400909858	6793.222534860384	3234.957099770655	0.0033597496623595235	13.083857961928313	16.419716732577797	2.6150458148306934
	gen0ind18	8251.430100027763	0.07408918211644529	0.8638578245344477	0.6489891179400501	1.1768067634141968	0.6692606683223745	6476.997126199065	2779.43813483068	0.008915256046423283	12.552630278434362	16.039151452295542	2.828876055715124
	gen1ind10	8373.774818353115	0.014327439896861006	0.9043396826941794	0.6465679876720782	1.125160230917547	0.6470630400909858	6793.222534860384	3234.957099770655	0.0005419152774093915	13.083857961928313	16.419716732577797	2.6150458148306934
	gen2ind7	8405.84270055124	0.018969806404210525	0.9299537405677534	0.6679830661248883	1.1093546878340024	0.67156537186729	6220.792607162479	2090.1312616241294	0.00229033059269833	12.875426433674303	16.4067092808828	2.488661629519691
	gen0ind7	8747.291332907795	0.025463933885863065	0.9827100654596528	0.655756637015238	1.156333282270461	0.6919040752001838	5880.706750246971	3694.7998217472405	0.005849604477574297	13.27781299511544	16.876941406793097	2.4448814947678685
	gen2ind12	8970.664461641687	0.038872563401141605	0.88680362624742	0.7072968602503663	1.1093546878340024	0.67156537186729	6008.379124418697	3211.728814125133	0.003761952221619829	12.740551499683175	16.15805744255538	2.1253871114810563
	gen3ind3	9197.68793744564	0.06363235858977187	0.8720264305785905	0.6217555828755892	1.1658853023469038	0.6856686020772758	6695.260233854848	1300.825331571813	0.00700002628313443	12.540539251077181	16.052988456374703	2.7776458645617166
	gen2ind1	9285.272112297303	0.0498763553330251	0.9444108763487941	0.5504951631570136	1.121749685907952	0.7029415437050278	6331.880979052812	1208.3175660693082	0.005111763409156021	12.967130671543686	16.144350140502823	2.843020742834637
	gen1ind13	9907.381740475823	0.0498763553330251	0.9444108763487941	0.5504951631570136	1.1658561541871728	0.7133698105047841	6331.880979052812	1019.242276284066	0.005111763409156021	12.967130671543686	16.144350140502823	2.843020742834637
	gen0ind13	9965.124271279137	0.046245577076138175	0.8985712581238499	0.6991583874687266	1.1296987430721652	0.6815272639676451	6109.132851742151	953.5084214928692	0.00016086432225505227	13.325389419473455	16.12467989546881	2.511788254951693
	gen0ind4	9997.976181117489	0.023239587573994323	0.9378137028216728	0.626002480814326	1.1948879567379185	0.707614444474146	6959.738071726677	793.9013476206	0.007302257413852114	12.978994499142374	16.331181093055008	2.06298910887724
	gen0ind1	10051.362911606484	0.0498763553330251	0.9213056597036914	0.5504951631570136	1.1658561541871728	0.7133698105047841	6331.880979052812	235.05309250307172	0.005111763409156021	12.919504656520408	16.052988456374703	2.7776458645617166
	gen2ind16	10878.557947816498	0.017915658437648148	0.9089587340609249	0.6235647676346909	1.1601903564494997	0.6985553508689922	6277.083319815083	102.9654725894934	0.0005926848431275795	13.478747122145059	16.30287058389242	2.7444198051768787
	gen1ind4	11181.030839248979	0.046245577076138175	0.9058108751273666	0.6991583874687266	1.1717697005549552	0.7043316614714893	6109.132851742151	1606.5274228701269	0.00016086432225505227	13.325389419473455	16.12467989546881	2.511788254951693
	gen1ind0	11408.427392430474	0.02582795652439674	0.9089587340609249	0.5735977246514126	1.1601903564494997	0.6985553508689922	6384.787269435501	401.9165701737991	0.0005926848431275795	13.370673600293758	16.453927385277463	2.7688872621265777
	gen2ind6	11599.44203164354	0.04191464062725532	0.8969898901039606	0.5793730242926677	1.1849878250322226	0.6985553508689922	6384.787269435501	1643.74272883482	0.0005926848431275795	13.370673600293758	16.453927385277463	2.363068990425748
	gen1ind6	11712.994108693769	0.0397497590445503	0.8916020172662238	0.5998387945661936	1.1837443666205154	0.6985553508689922	6760.495129145798	2390.148920491847	0.004969880705211695	13.370673600293758	16.453927385277463	2.9972741665516205
	gen0ind0	11837.916043078547	0.0397497590445503	0.8916020172662238	0.5735977246514126	1.1837443666205154	0.6985553508689922	6384.787269435501	1314.8814268427045	0.004969880705211695	13.370673600293758	16.453927385277463	2.9274311625082934
	gen0ind12	11967.410102440466	0.04382449540778134	0.8865822772109576	0.5624766679996956	1.226449723090312	0.7036314286622665	6911.824621406836	2364.3657040718394	0.009303538872310283	13.241297765756912	16.272167080274915	2.69568096578504
