#	Simulation	Obj	b2__FREE	gamma__FREE	r__FREE
	gen13ind1	366.91665652215465	1.4006043258162522	0.7800180183064549	6.124168092638969
	gen12ind3	366.9197824110185	1.401114470440433	0.7790557739806818	6.211457147503571
	gen9ind11	366.9995657594922	1.401114470440433	0.7810167095133225	6.211457147503571
	gen13ind11	366.9995657594922	1.401114470440433	0.7810167095133225	6.211457147503571
	gen11ind1	367.0351971627091	1.403099691044765	0.7796828455678935	6.036879037774368
	gen13ind17	367.05446612248784	1.4030770259476149	0.7802245257717066	6.036879037774368
	gen13ind18	367.05716227814474	1.401114470440433	0.7819877230099903	6.211457147503571
	gen13ind0	367.1071339712484	1.4045669721387857	0.7794108999443572	6.036879037774368
	gen13ind19	367.11766234089356	1.4023305766654284	0.777976282963063	6.899212769421509
	gen12ind4	367.1633536185012	1.4023305766654284	0.7827176222943569	6.036879037774368
	gen13ind7	367.1851278490367	1.4045669721387857	0.7812418241011947	6.036879037774368
	gen12ind16	367.24706808788227	1.4045669721387857	0.7822485713512385	6.036879037774368
	gen13ind13	367.2529415371573	1.4023305766654284	0.7837788898714284	6.036879037774368
	gen13ind9	367.28690168406683	1.405452762660524	0.7821555839676653	6.036879037774368
	gen10ind1	367.28748651644605	1.403099691044765	0.7837309367269572	6.036879037774368
	gen12ind10	367.3090959143726	1.4015507946551187	0.7847311167944444	6.036879037774368
	gen13ind4	367.35067274845863	1.4015507946551187	0.7847311167944444	6.466726301473081
	gen8ind3	367.3620370487267	1.4045669721387857	0.7837309367269572	6.036879037774368
	gen10ind14	367.4396903990962	1.4060795834271067	0.7837309367269572	6.036879037774368
	gen10ind5	367.45763030632526	1.4045669721387857	0.7847311167944444	6.036879037774368
	gen12ind14	367.46964645383423	1.4045669721387857	0.7837309367269572	6.729913068191744
	gen12ind8	367.515927187324	1.4056954132525217	0.7837309367269572	6.656072983638067
	gen12ind19	367.52698221824875	1.4045669721387857	0.7853877471246857	6.036879037774368
	gen10ind15	367.52698221824875	1.4045669721387857	0.7853877471246857	6.036879037774368
	gen13ind16	367.5543212748628	1.4045669721387857	0.785622272596245	6.036879037774368
	gen13ind6	367.6251835713723	1.4060795834271067	0.7855881403675181	6.036879037774368
	gen13ind10	367.63808089857	1.4060795834271067	0.785684145684954	6.036879037774368
	gen11ind8	367.6418564827622	1.4099481322675635	0.7837309367269572	6.036879037774368
	gen12ind17	367.6486107701048	1.4045669721387857	0.7864159174891265	6.036879037774368
	gen9ind16	367.65154434807283	1.4023100899113135	0.7872089815529302	6.036879037774368
	gen12ind15	367.7511061752374	1.4064509311216014	0.786570048957681	5.714620758937814
	gen8ind11	367.75537926712593	1.4045669721387857	0.7872089815529302	6.036879037774368
	gen7ind2	367.75537926712593	1.4045669721387857	0.7872089815529302	6.036879037774368
	gen11ind7	367.9133744266443	1.4045669721387857	0.7853170648545644	4.459891743587438
	gen11ind9	367.95556657760113	1.4060795834271067	0.7881124694098556	6.036879037774368
	gen11ind11	368.00553371594975	1.4045669721387857	0.7878646435582903	6.904491177920946
	gen12ind6	368.0685376282609	1.41526305536701	0.7853170648545644	5.177184510376945
	gen13ind5	368.10026150204425	1.4045669721387857	0.7891548191204036	6.407654789355188
	gen11ind4	368.15560144413604	1.4045669721387857	0.7893096181899669	6.568783928773466
	gen10ind2	368.2295639400818	1.40242172398446	0.7885384526432696	4.476232867210415
	gen12ind2	368.24264105775484	1.4051937929053682	0.7885922648614803	7.201426844948091
	gen13ind12	368.3296057617512	1.4139423687242725	0.7881124694098556	6.036879037774368
	gen13ind3	368.39601510598897	1.4030674333978475	0.7893453071055032	7.584863902433616
	gen12ind0	368.4122524661047	1.4025032128409793	0.7901737123043675	7.2752669295017665
	gen10ind10	368.51493692511275	1.4045669721387857	0.7901737123043675	7.2752669295017665
	gen11ind19	368.5472747368965	1.4051937929053682	0.7901737123043675	7.2752669295017665
	gen13ind2	368.5857986637615	1.41805614725976	0.786968864756546	4.48678968420929
	gen11ind0	368.67016158229427	1.4045669721387857	0.7882700443799548	3.9630553550216803
	gen12ind9	368.6891795072422	1.4060795834271067	0.7917391368431718	4.912678141533423
	gen11ind18	368.7754648427127	1.41805614725976	0.7885384526432696	4.48678968420929
	gen10ind16	368.9289240817479	1.4081555643353871	0.7881653854594014	8.513654821229165
	gen13ind14	368.9431902508698	1.41805614725976	0.7885384526432696	4.203302987493071
	gen8ind0	368.94372079686036	1.4045669721387857	0.7901737123043675	3.9630553550216803
	gen13ind15	368.9896894196662	1.4025032128409793	0.7877699543462113	9.410269390903425
	gen12ind7	369.055502422552	1.4180577142059017	0.7902517662857926	6.778430540936009
	gen11ind16	369.09904460471995	1.4038469653408645	0.793341287874862	7.052171347028297
	gen11ind6	369.1117945640934	1.4191047651362032	0.7902517662857926	6.778430540936009
	gen12ind12	369.15256899618873	1.4198610707803638	0.7902517662857926	6.778430540936009
	gen11ind14	369.1972882893723	1.4131907717921761	0.7901737123043675	3.9630553550216803
	gen9ind10	369.3426779581395	1.419201718805653	0.7898585623641688	3.9630553550216803
	gen9ind15	369.344687520009	1.403099691044765	0.7885384526432696	3.422979902211094
	gen8ind19	369.3823832468106	1.4045669721387857	0.7885384526432696	3.422979902211094
	gen11ind2	369.393297779371	1.4244427499197982	0.7901668841171477	6.778430540936009
	gen12ind11	369.4281748706677	1.418362069747214	0.7933366071901419	5.930609655037071
	gen13ind8	369.4468091137768	1.4025032128409793	0.7926410630199816	8.434536328176051
	gen8ind5	369.50419712766256	1.410088387168011	0.7885384526432696	3.4393210258340705
	gen8ind6	369.5369926483819	1.418362069747214	0.7933366071901419	6.386035257232774
	gen7ind1	369.57166615696	1.416950668632674	0.7885384526432696	8.513654821229165
	gen11ind15	369.60081614543117	1.418362069747214	0.7916810529469251	7.422947098609118
	gen12ind5	369.65788972768195	1.418362069747214	0.791974246047557	7.422947098609118
	gen12ind1	369.7476772320778	1.4009239738885362	0.7885384526432696	3.161112737617289
	gen10ind3	369.7619621286467	1.4313402987240122	0.7900058846168403	6.778430540936009
	gen11ind3	369.8146905123056	1.4030642172124386	0.7901737123043675	3.2700213246043055
	gen9ind3	369.82839109722704	1.4045669721387857	0.7901737123043675	9.88916606506504
	gen10ind8	369.94686835988676	1.418362069747214	0.793341287874862	7.422947098609118
	gen11ind17	369.94691248484463	1.418362069747214	0.7933366071901419	7.422947098609118
	gen9ind4	369.9802059884726	1.418362069747214	0.7934941821602413	7.422947098609118
	gen9ind7	370.0581889549074	1.4313402987240122	0.7918271190450846	6.778430540936009
	gen10ind17	370.0581889549074	1.4313402987240122	0.7918271190450846	6.778430540936009
	gen8ind9	370.2007399551692	1.4290380393144035	0.7885384526432696	8.16449860177076
	gen10ind4	370.3502956040754	1.4199002985058875	0.7855560386472304	2.953041454267188
	gen10ind11	370.38726981539827	1.418362069747214	0.7934941821602413	8.189821213580169
	gen9ind19	370.6060000494656	1.422407581572218	0.7974511049858574	6.036879037774368
	gen9ind9	370.6245756226961	1.418362069747214	0.7938330512127669	8.459858939985462
	gen11ind10	370.89916739182934	1.418362069747214	0.793341287874862	9.079052885849162
	gen9ind5	370.9738014293353	1.422407581572218	0.7987650616174113	6.036879037774368
	gen7ind16	370.9738014293353	1.422407581572218	0.7987650616174113	6.036879037774368
	gen9ind6	370.97641384909707	1.4224781162513203	0.7987650616174113	6.036879037774368
	gen11ind12	371.0392784688292	1.4313402987240122	0.7948932722060505	7.471464571353383
	gen8ind15	371.2565336181338	1.4297249549056517	0.7987650616174113	6.036879037774368
	gen10ind18	371.38864192075164	1.418362069747214	0.7934941821602413	9.758637945955611
	gen10ind0	371.4926675067134	1.4199002985058875	0.7879551159206666	2.5822657026863673
	gen8ind12	371.59442848445104	1.422407581572218	0.7974355905270719	8.110702720527057
	gen12ind18	371.88735760153077	1.405821038086139	0.7885385414382683	2.386068100594577
	gen12ind13	371.88787172079026	1.4058206136719509	0.7885384526432696	2.38606806083475
	gen11ind5	371.88787172079026	1.4058206136719509	0.7885384526432696	2.38606806083475
	gen10ind13	371.88787172079026	1.4058206136719509	0.7885384526432696	2.38606806083475
	gen9ind2	371.9951511741954	1.4297249549056517	0.7974402712117921	8.110702720527057
	gen8ind18	372.217343129133	1.4038036898139423	0.7834251481561987	2.184592010483696
	gen11ind13	373.11064443317815	1.422407581572218	0.7974355905270719	10.306883960577686
	gen9ind12	373.94869644064414	1.4269213460271621	0.7911973948239486	12.70454125097937
	gen6ind2	373.98830231522663	1.4190606494474485	0.7847498230222942	1.8892316722689924
	gen7ind8	374.02881257362156	1.4045669721387857	0.7885384526432696	1.8892316722689924
	gen6ind3	374.02881257362156	1.4045669721387857	0.7885384526432696	1.8892316722689924
	gen0ind5	374.02881257362156	1.4045669721387857	0.7885384526432696	1.8892316722689924
	gen9ind8	374.0350683061456	1.4049867966680052	0.7885384526432696	1.8892316722689924
	gen9ind17	374.07944987697437	1.4190606494474485	0.7862160935076801	1.8892316722689924
	gen8ind10	374.07944987697437	1.4190606494474485	0.7862160935076801	1.8892316722689924
	gen10ind6	374.11929387415375	1.4122336353223366	0.788246784281968	1.8892316722689924
	gen10ind7	374.1228536181019	1.401476713202079	0.7900208180189883	1.8892316722689924
	gen9ind13	374.1644323109235	1.4045669721387857	0.7900208180189883	1.8892316722689924
	gen10ind12	374.2079608591006	1.40770932081582	0.7900208180189883	1.8892316722689924
	gen8ind14	374.2191236035734	1.4199002985058875	0.7879551159206666	1.8892316722689924
	gen10ind9	374.2191236035734	1.4199002985058875	0.7879551159206666	1.8892316722689924
	gen2ind0	374.28138468875727	1.420881016922531	0.7885384526432696	1.8892316722689924
	gen8ind8	374.287716840814	1.4212655741121993	0.7885384526432696	1.8892316722689924
	gen6ind6	374.287716840814	1.4212655741121993	0.7885384526432696	1.8892316722689924
	gen8ind13	374.3310648882058	1.420881016922531	0.7826566498591403	14.439765531272526
	gen9ind18	374.36587275682444	1.419201718805653	0.7898585623641688	1.8892316722689924
	gen8ind17	374.36587275682444	1.419201718805653	0.7898585623641688	1.8892316722689924
	gen9ind14	374.39654062806017	1.4269213460271621	0.784192173638512	13.741453092355714
	gen7ind18	374.3992409729803	1.4212655741121993	0.789867923733609	1.8892316722689924
	gen8ind1	374.447715764334	1.4261881037142206	0.7894910575868771	1.8892316722689924
	gen6ind12	374.447715764334	1.4261881037142206	0.7894910575868771	1.8892316722689924
	gen7ind15	374.4494639698288	1.420881016922531	0.7885384526432696	14.439765531272526
	gen5ind11	374.4494639698288	1.420881016922531	0.7885384526432696	14.439765531272526
	gen5ind0	374.49962180139056	1.4182915350681118	0.7914331607466396	1.8892316722689924
	gen4ind9	374.5112009992369	1.4190606494474485	0.7914331607466396	1.8892316722689924
	gen8ind4	374.5164111929753	1.420163111779824	0.7913152777852941	1.8892316722689924
	gen7ind10	374.60400726492486	1.406074759137164	0.7938563370046274	1.8892316722689924
	gen9ind1	374.6213030580259	1.4269213460271621	0.7894583724109621	13.741453092355714
	gen6ind5	374.67769157630136	1.419201718805653	0.7929968940925891	1.8892316722689924
	gen4ind11	374.6782368009903	1.4190606494474485	0.7930207522847915	1.8892316722689924
	gen7ind4	374.7150774994778	1.419201718805653	0.7933366071901419	1.8892316722689924
	gen6ind17	374.7150774994778	1.419201718805653	0.7933366071901419	1.8892316722689924
	gen1ind16	374.7714952036526	1.4190606494474485	0.7938563370046274	1.8892316722689924
	gen6ind7	374.83053748305696	1.4269213460271621	0.7911973948239486	13.741453092355714
	gen4ind18	374.9697826454009	1.4190606494474485	0.7954945422952157	1.8892316722689924
	gen5ind14	374.97162618634843	1.419201718805653	0.7954945422952157	1.8892316722689924
	gen5ind10	375.12841630053276	1.4305387527593543	0.7954945422952157	1.8892316722689924
	gen7ind14	375.2217477677212	1.4367888871308216	0.7954945422952157	1.8892316722689924
	gen7ind3	375.2248102075914	1.4190606494474485	0.7925121282991765	14.979840984083113
	gen4ind4	375.43884782515204	1.4205988782061219	0.7987650616174113	1.8892316722689924
	gen9ind0	375.4422038315713	1.419123276206643	0.7891442467077666	15.815276775108401
	gen10ind19	380.7549727346681	1.4093948122981994	0.7900208180189883	1.0872890548646017
	gen8ind16	381.8722684427383	1.4180992564732775	0.7989725871211887	21.795183366395463
	gen8ind7	381.8952040498779	1.4182915350681116	0.7989725871211887	21.795183366395463
	gen7ind19	381.8952040498779	1.4182915350681116	0.7989725871211887	21.795183366395463
	gen8ind2	383.8103523923477	1.4089694864312485	0.7955983050471043	28.07045029589723
	gen7ind13	384.0891143596931	1.4110275096833016	0.7954945422952157	28.07045029589723
	gen7ind0	384.4632880590086	1.4134626671497	0.7954945422952157	28.07045029589723
	gen5ind4	384.49984383870145	1.4087525603073772	0.798172207214775	28.07045029589723
	gen7ind9	385.3891131947481	1.419201718805653	0.7954945422952157	28.07045029589723
	gen6ind13	385.3891131947481	1.419201718805653	0.7954945422952157	28.07045029589723
	gen7ind6	395.74382030921777	1.4027122312027458	0.7967248531630899	54.25166891952547
	gen4ind15	396.0474726798894	1.4027122312027458	0.798172207214775	54.25166891952547
	gen6ind15	396.09240072352577	1.4029562857741047	0.798172207214775	54.25166891952547
	gen7ind12	397.19539363506465	1.4083807481795965	0.798172207214775	54.25166891952547
	gen6ind1	397.19539363506465	1.4083807481795965	0.798172207214775	54.25166891952547
	gen3ind12	397.4213697859368	1.406979991238186	0.7885384526432696	54.25166891952547
	gen5ind3	412.04077433620114	1.4182915350681118	0.7917806567780967	82.90966332660851
	gen4ind14	412.36337193595443	1.4190606494474485	0.7917806567780967	82.90966332660851
	gen7ind17	431.76997826869456	1.405956148782857	0.7998961059228091	230.76373592221273
	gen6ind10	431.83837041756266	1.4355879521141324	0.7987650616174113	134.81801780057918
	gen5ind1	433.56748163366694	1.4190606494474485	0.7914331607466396	160.99923642420742
	gen6ind4	439.7353181821917	1.4084362685125336	0.7938563370046274	270.78437708150307
	gen7ind7	441.05709654603635	1.4097578706581095	0.7918256462303395	256.9449545458409
	gen6ind11	441.80459279727467	1.407723615493747	0.7957103725752669	317.22365805624656
	gen5ind12	451.71162301047747	1.4205988782061219	0.7987650616174113	370.5974418085875
	gen5ind19	457.0823210108951	1.4048057409139043	0.7993787486147407	1032.782903233785
	gen4ind6	457.483808179966	1.4048057409139043	0.7983801015644985	1032.782903233785
	gen7ind11	457.71967249276736	1.4048057409139043	0.7979070241716246	1032.782903233785
	gen6ind9	460.8629024677973	1.419201718805653	0.7954945422952157	509.28233717898723
	gen5ind16	460.9212202976293	1.406979991238186	0.7885384526432696	543.5172860766552
	gen5ind5	463.1339049145989	1.4190606494474485	0.7938563370046274	517.336067453027
	gen3ind14	465.28097047689675	1.4190606494474485	0.7983801015644985	795.2250158812385
	gen4ind0	469.1591214343348	1.4045669721387857	0.7885384526432696	1177.1871354425364
	gen5ind6	470.24067176082167	1.420881016922531	0.7857315336726304	372.3759051531255
	gen2ind18	472.8275203712999	1.4190606494474485	0.7925583692734965	795.2250158812385
	gen6ind19	477.6024332498439	1.4327436774241051	0.7881488743474898	370.5974418085875
	gen6ind8	478.55845981613646	1.4376662070261264	0.7954945422952157	515.5576041084889
	gen2ind15	481.0749116036735	1.4131211466257148	0.7754106907245126	325.9709582896269
	gen7ind5	482.45621627354797	1.4376662070261264	0.7933119025863404	515.5576041084889
	gen5ind8	482.73348345070065	1.4021925703341593	0.7805520336527448	1099.0975623449376
	gen4ind8	482.73348345070065	1.4021925703341593	0.7805520336527448	1099.0975623449376
	gen6ind0	484.5565918201063	1.4305387527593543	0.7954945422952157	1102.7365685834163
	gen5ind9	489.3413990842214	1.4597995768338685	0.7992620452880652	416.54472981470894
	gen5ind7	490.80442077949704	1.4030184951159543	0.7795370363700393	2284.604337148903
	gen3ind15	498.96900638815805	1.4042654966146446	0.7754106907245126	1024.6995630729177
	gen4ind7	499.21506947444794	1.4420168560712603	0.7925583692734965	795.2250158812385
	gen4ind17	502.8469785420763	1.4420168560712603	0.7910015001865371	795.2250158812385
	gen6ind18	506.04557855618214	1.436958139054207	0.7762007969093347	320.1092411761458
	gen5ind17	509.89228223542904	1.4420168560712603	0.7910015001865371	1200.8867110047008
	gen5ind18	510.19940690704016	1.4190606494474485	0.7770818601641845	795.2250158812385
	gen3ind19	510.19940690704016	1.4190606494474485	0.7770818601641845	795.2250158812385
	gen5ind2	511.86789803914644	1.436958139054207	0.7741701061350468	320.1092411761458
	gen2ind3	514.3608773526859	1.436958139054207	0.7737812498873469	320.1092411761458
	gen3ind5	519.7629366784379	1.4183957807039078	0.7774469120161351	1941.2981192314805
	gen4ind13	521.1747335836574	1.4597995768338685	0.7935337490485227	813.2126219191937
	gen2ind6	521.1747335836574	1.4597995768338685	0.7935337490485227	813.2126219191937
	gen6ind16	526.5877959712444	1.44382042051887	0.7741701061350468	360.6194570033156
	gen3ind8	528.0519254607359	1.4209096877853444	0.7712836016847203	669.0151947983968
	gen6ind14	529.9766214187334	1.4597995768338685	0.7903379738301836	813.2126219191937
	gen3ind3	532.6141697764535	1.4294165369934113	0.7792382223036464	2352.4850392128037
	gen3ind18	534.534233838491	1.4125953778459	0.7685156810737275	971.5936754518748
	gen4ind19	536.0643942383044	1.4435368419074563	0.7754106907245126	488.0118215983058
	gen4ind16	537.7348339441567	1.4363777348884128	0.7737812498873469	554.7362699719516
	gen3ind6	546.9001138030195	1.430237111167306	0.7737812498873469	1074.6768899218591
	gen2ind7	550.2031265741117	1.4798920400109317	0.7802357317371467	325.9709582896269
	gen1ind17	550.2031265741117	1.4798920400109317	0.7802357317371467	325.9709582896269
	gen0ind18	550.9705957226406	1.4209062616345371	0.7707412924681454	2423.7760227312915
	gen3ind1	552.0310057434382	1.4667934301701544	0.7737812498873469	320.1092411761458
	gen1ind4	554.2045408017689	1.5356140563323661	0.7935337490485227	221.24608379511392
	gen0ind9	558.6830896371029	1.4847180782097327	0.7935337490485227	813.2126219191937
	gen3ind13	560.2653579979932	1.4698698876875012	0.7885384526432696	1164.9212402424114
	gen4ind5	561.0676827185378	1.4290573829691926	0.7712836016847203	1763.2926669143249
	gen3ind9	563.3576522061294	1.5074405155150767	0.7883676937541184	329.04331965712277
	gen2ind9	571.3801664308587	1.43368472728866	0.7702085508120269	1436.640432596777
	gen0ind6	571.6519589550891	1.4902990629947142	0.7996008280066976	3474.408815392558
	gen1ind9	577.1515036276385	1.4496269797734773	0.777639796274885	3023.312001014716
	gen5ind15	577.3957199825163	1.4034121773877306	0.7578084119062973	2505.532099502505
	gen4ind10	577.3957199825163	1.4034121773877306	0.7578084119062973	2505.532099502505
	gen5ind13	578.0920064541435	1.4034121773877306	0.7578084119062973	2902.19999160699
	gen3ind0	587.8460515383375	1.5061096065756596	0.7935337490485227	700.1650929602451
	gen3ind7	590.7331285425684	1.4798920400109317	0.7802357317371467	681.3393863888425
	gen2ind17	592.0006745345241	1.4798920400109317	0.7680298623039035	325.9709582896269
	gen0ind17	592.282687319167	1.5359061648494834	0.7870268952984926	278.75005263287613
	gen2ind11	593.783470926259	1.4024893712941862	0.7538107938655432	1941.2981192314805
	gen2ind5	598.3507803436062	1.500229372710736	0.7954630222422918	1787.530177465622
	gen4ind2	599.6319746023482	1.4597995768338685	0.771249095199045	813.2126219191937
	gen2ind1	600.2900193685352	1.460985240820818	0.7737812498873469	1074.6768899218591
	gen3ind11	602.4555600556162	1.5064017150927769	0.7883676937541184	642.661124122483
	gen1ind12	602.4555600556162	1.5064017150927769	0.7883676937541184	642.661124122483
	gen0ind13	606.291989926706	1.4183957807039078	0.7575854344246454	1941.2981192314805
	gen0ind3	607.3944902214889	1.4792535397451394	0.7844170186100625	2992.7582754840164
	gen3ind17	607.5582098100404	1.5094239274772319	0.7883676937541184	642.661124122483
	gen2ind10	608.7506438685703	1.4294165369934113	0.7619597723593587	2352.4850392128037
	gen1ind11	615.7822031533925	1.4435780972235506	0.7641267137767833	1253.069866778258
	gen3ind4	617.5303043250726	1.4764324391331014	0.774159961344546	813.2126219191937
	gen2ind8	618.3671228434168	1.5906632335087987	0.7935337490485227	221.24608379511392
	gen4ind12	619.8831819040408	1.4294165369934113	0.7599498140442453	2537.33315139339
	gen2ind19	624.9236805424993	1.5194701590657633	0.7883676937541184	642.661124122483
	gen2ind13	625.521468643949	1.4183957807039078	0.7539925210738141	1941.2981192314805
	gen1ind1	629.3374975294419	1.4294165369934113	0.7575854344246454	1941.2981192314805
	gen3ind2	631.4125660378602	1.4294165369934113	0.7578084119062973	2514.5259025214827
	gen1ind5	635.1718204877473	1.4315553877511324	0.757835599412616	2343.6674640614915
	gen3ind10	636.264943528175	1.519594378635047	0.7917554071992855	1074.6768899218591
	gen1ind6	640.5907019619962	1.4504203096857826	0.7640121806582603	2003.6788731818488
	gen1ind0	641.0221506894698	1.4341142086042162	0.7570798207402275	1812.8363334829382
	gen1ind3	644.2757434413143	1.4504203096857826	0.7644111889511814	3334.276969918531
	gen0ind12	644.9936499942019	1.4341142086042162	0.7570798207402275	2343.6674640614915
	gen0ind16	646.4532554786422	1.4504203096857826	0.7640121806582603	3334.276969918531
	gen0ind15	664.3047442654621	1.5032525228965135	0.7802357317371467	1436.640432596777
	gen1ind13	664.4597742205494	1.4341142086042162	0.7536912095726387	2343.6674640614915
	gen1ind7	665.9908192226433	1.4501264730951537	0.760293193857035	3040.156889405017
	gen0ind1	684.3418070752867	1.4435780972235506	0.7513527767423854	1253.069866778258
	gen4ind1	694.9749578439184	1.4572775451541284	0.7578084119062973	2514.5259025214827
	gen3ind16	717.9229106920222	1.5437269777231457	0.790852152137271	2652.034975429912
	gen1ind2	717.9229106920222	1.5437269777231457	0.790852152137271	2652.034975429912
	gen0ind4	717.9229106920222	1.5437269777231457	0.790852152137271	2652.034975429912
	gen0ind14	721.1694793342331	1.5146653264916505	0.777639796274885	3023.312001014716
	gen1ind10	735.0920375872408	1.526508782917608	0.7737812498873469	1074.6768899218591
	gen0ind11	735.0920375872408	1.526508782917608	0.7737812498873469	1074.6768899218591
	gen0ind2	739.1448505074698	1.4616319312746981	0.7533841415368411	3916.063196491003
	gen0ind10	740.4458615431355	1.5769702693866217	0.7766585066738632	432.8010523612438
	gen0ind7	749.4485602283098	1.5686795092444812	0.79740826621275	3621.0388401179575
	gen4ind3	750.4060684244454	1.4605297660090957	0.750429810528336	2673.6359072734213
	gen1ind15	763.8460266211371	1.5802225827119984	0.79740826621275	2069.613552832053
	gen2ind16	784.8439176836952	1.5401447286792553	0.777639796274885	3023.312001014716
	gen2ind4	816.9579444014694	1.555735739635554	0.7789676904258702	2992.7582754840164
	gen1ind19	830.2453733214145	1.5575313719196147	0.777639796274885	3023.312001014716
	gen2ind14	855.8745004759555	1.5734656947064485	0.7754744635640171	1511.0245291636957
	gen0ind0	885.3193389283869	1.5981782569421745	0.7669172870976066	657.0502912511106
	gen1ind14	898.3543661297836	1.5803349228469994	0.7768840176024965	3161.7424114950195
	gen2ind2	902.6131795300685	1.5849199311997995	0.769943275882303	1205.820157835808
	gen1ind8	917.024885661283	1.5836682598655876	0.769943275882303	1511.0245291636957
	gen1ind18	917.3712094134512	1.5804970031221293	0.769943275882303	1719.83782849907
	gen0ind19	917.3712094134512	1.5804970031221293	0.769943275882303	1719.83782849907
	gen0ind8	924.639082890855	1.5572565666693368	0.7614790212296969	2136.3391510789656
	gen2ind12	952.803074677073	1.5836682598655876	0.769943275882303	2912.0574877734966
