#	Simulation	Obj	b0__FREE	b1__FREE	b2__FREE	gamma__FREE	mult__FREE	r__FREE	t0__FREE	t1__FREE	t2__FREE
	gen19ind0	375.3018852764922	0.36761804689868793	0.7997981238329207	1.4117650932631651	0.7737211571491078	4624.672320007461	5.274384371728919	0.4679381009564439	6.9746067872748405	11.617258199666303
	gen18ind3	375.4574690469717	0.36761804689868793	0.7997981238329207	1.4117650932631651	0.7737211571491078	4610.114285838395	5.10842411375139	0.4859656638792095	6.9746067872748405	11.623275962996729
	gen16ind15	376.6151551287883	0.34689587796179944	0.8238668085953655	1.4104731972410678	0.7644671167418073	4569.554522520549	4.7765035977963315	0.7700875688238569	6.888253322319014	11.613522816036234
	gen19ind12	376.8954404562251	0.34689587796179944	0.8191819657359415	1.4104731972410678	0.7636940647310902	4586.37313831051	4.7765035977963315	0.7700875688238569	6.888253322319014	11.613522816036234
	gen19ind13	377.01672586977276	0.3373485593094076	0.8238668085953655	1.4104731972410678	0.7586930145117409	4556.996707093189	4.7765035977963315	0.7224029926545233	6.920506953813286	11.555235322442044
	gen17ind12	378.3601909307519	0.36761804689868793	0.7997981238329207	1.4149406865796426	0.7740096877992875	4621.357473333907	5.10842411375139	0.6529822234716058	6.989034413914087	11.65250402463927
	gen18ind18	379.9233348032773	0.3323769476609846	0.8238668085953655	1.4104731972410678	0.7675702007648824	4569.554522520549	4.7765035977963315	0.7224029926545233	6.888253322319014	11.613522816036234
	gen19ind1	379.93028220619385	0.33705301113969244	0.8238668085953655	1.412185521678841	0.7644671167418073	4554.343203196314	4.7765035977963315	0.8310771842044776	6.888253322319014	11.601175489676073
	gen18ind2	380.08363366671165	0.362274139603966	0.8024627804952951	1.4145079762289057	0.7677697960361172	4629.093229507151	5.10842411375139	0.8767145791650307	6.922078036067638	11.65250402463927
	gen18ind14	380.79205321662835	0.3626082862556749	0.7997981238329207	1.4149406865796426	0.784382015123756	4637.927026599691	5.10842411375139	0.511643360853597	6.9431996865900665	11.632482916805074
	gen19ind2	380.9108955923937	0.3626082862556749	0.7960422133998175	1.4151826660498612	0.7818899209433364	4637.927026599691	5.10842411375139	0.511643360853597	6.96586665408506	11.632482916805074
	gen18ind17	381.07131988301705	0.353532219499291	0.8118324662141432	1.4145079762289057	0.7693159000575513	4595.455997927228	4.942463855773861	0.8767145791650307	6.922078036067638	11.65250402463927
	gen18ind9	381.6555027902138	0.36761804689868793	0.8073347971272292	1.4149406865796426	0.7740096877992875	4621.357473333907	10.856159639434651	0.6529822234716058	6.917332334708326	11.66618060532804
	gen17ind13	382.5349051727554	0.34258840595975193	0.7949509596290886	1.4149919351693427	0.7627856076752779	4598.670590858681	5.10842411375139	0.7340324429783257	6.967411971057624	11.601487289375381
	gen17ind2	382.92418186292076	0.3574407309492242	0.7997981238329207	1.4145079762289057	0.7693159000575513	4621.357473333907	5.10842411375139	0.8767145791650307	6.922078036067638	11.65250402463927
	gen18ind6	383.4642687146761	0.34258840595975193	0.7920077994222947	1.4169594501590361	0.7515615275512684	4596.241842479189	1.1659602579775292	0.7413040299734504	6.972157672416936	11.506700975808348
	gen18ind10	383.6153936375613	0.34258840595975193	0.7913707772004328	1.4149919351693427	0.7627856076752779	4584.211739377275	5.10842411375139	0.7340324429783257	6.9626582761486455	11.519038004316231
	gen18ind0	383.71805425252734	0.32868322776721615	0.808686476546519	1.417012551407446	0.7742658898706722	4586.775508690493	1.1659602579775292	0.38315257352274695	6.930205497367975	11.583282386966417
	gen19ind4	383.7808646357951	0.353532219499291	0.8074468342809036	1.4137054210044475	0.7693159000575513	4595.455997927228	4.942463855773861	0.9399556698884455	6.922078036067638	11.629734348449366
	gen17ind0	383.81156146816625	0.33613326890458084	0.8051169236942353	1.4099735384107788	0.7817282361498512	4579.515007283531	8.884927711547721	0.35717426616280573	6.90548430023486	11.526437266029637
	gen19ind10	384.19837105454803	0.34487003403955885	0.7997981238329207	1.4149406865796426	0.7715175936188678	4598.91672826897	5.10842411375139	0.6867108080097194	6.989034413914087	11.65250402463927
	gen15ind19	384.357752074165	0.35471290086166585	0.7997981238329207	1.4149406865796426	0.7740096877992875	4621.357473333907	5.10842411375139	0.7580518761030719	6.989034413914087	11.65250402463927
	gen15ind1	384.4711280627431	0.34258840595975193	0.7920077994222947	1.4179326251044522	0.7515615275512684	4598.670590858681	5.10842411375139	0.9986938099262722	6.972157672416936	11.62780937191895
	gen17ind18	384.938772282862	0.34242948974224346	0.7926377589756093	1.4157013597293273	0.7837039366324126	4581.918011931507	4.7765035977963315	0.4534116214603603	6.9795270240961305	11.465227582527174
	gen19ind19	385.16357249536804	0.3282458276472083	0.7960238967801347	1.4178774487653483	0.7515615275512684	4574.0506954656485	1.1659602579775292	0.851669439110994	6.899231035782222	11.506700975808348
	gen17ind17	385.5971876812898	0.3188076014611596	0.7910268599664416	1.4085894999466877	0.7734326264989281	4598.871098342882	4.7765035977963315	0.4240187569182791	6.960179160635594	11.59404790135419
	gen18ind11	385.6773147249988	0.3188076014611596	0.7910268599664416	1.4085894999466877	0.7734326264989281	4608.6867852772075	4.7765035977963315	0.4240187569182791	6.96861753138417	11.59404790135419
	gen17ind10	385.7690079288059	0.3265294917661924	0.7927569719599836	1.417012551407446	0.7678130952754028	4586.775508690493	1.1659602579775292	0.4974556940739546	6.972157672416936	11.590425664907775
	gen19ind9	386.0144320831127	0.3344037810474124	0.7920711733412977	1.4123427783195832	0.7627856076752779	4568.912100099844	5.10842411375139	0.7340324429783257	6.9626582761486455	11.483377778105492
	gen19ind8	386.0573148409472	0.33617283413798205	0.7910268599664416	1.4101599828142488	0.7699383137686134	4594.542519749808	4.7765035977963315	0.6362901334107058	6.955178923431321	11.57773661061692
	gen16ind14	386.11755692010667	0.33613326890458084	0.7929142227494599	1.4118509694342203	0.7864220238915873	4607.327748044829	5.10842411375139	0.35717426616280573	6.985624750189197	11.561162464383594
	gen15ind12	386.2094592405134	0.33651821437215845	0.79145711137473	1.417270516644305	0.7656356389479942	4607.327748044829	5.10842411375139	0.6970466189825353	6.985341744524823	11.561162464383594
	gen18ind1	386.2261282867068	0.34373477884279485	0.8140102944157265	1.4100815839774556	0.7695209796765927	4562.101741107833	12.661431309344053	0.6365557681987224	6.795416827914375	11.585784626846245
	gen15ind17	386.37444154124364	0.33893289027360063	0.8242035257224714	1.4111858245327595	0.7646221123158151	4565.7319918113135	12.661431309344053	0.7066964821542968	6.828753514005413	11.583053627931356
	gen19ind18	386.57900022493516	0.3366266765070053	0.807601243152159	1.4129440296115447	0.7693159000575513	4621.357473333907	4.7765035977963315	0.8767145791650307	6.907650409428391	11.623275962996729
	gen16ind0	386.93508598661856	0.3627999410125819	0.79145711137473	1.413515431996259	0.7713124023300235	4597.5576762515	12.661431309344053	0.5738502226999025	6.943404460658442	11.595186790444412
	gen19ind14	387.0684709705612	0.3257409473257018	0.792377832510945	1.4145690982763393	0.7548845521205342	4574.549589054247	1.0	0.7413040299734504	6.972157672416936	11.506700975808348
	gen16ind13	387.4541786530087	0.3442572475853191	0.7926377589756093	1.4190747600151736	0.7785714908239998	4592.4397703710965	4.7765035977963315	0.5841589710662138	6.9795270240961305	11.48760545452097
	gen19ind15	387.90242630135504	0.3451600031323739	0.7995829981287765	1.4144823519340557	0.7749279401195561	4621.357473333907	1.1659602579775292	0.8767145791650307	6.920838478311111	11.623275962996729
	gen14ind0	387.9675241922669	0.33893289027360063	0.8238668085953655	1.4111858245327595	0.7644671167418073	4569.554522520549	12.661431309344053	0.8005901973841252	6.879401468598189	11.613522816036234
	gen17ind5	388.01867497397654	0.33893289027360063	0.8078303185486007	1.4136010904757894	0.7625634092393685	4565.7319918113135	12.661431309344053	0.7066964821542968	6.828753514005413	11.617778826285313
	gen18ind8	388.12230597387594	0.3326451826629059	0.7995829981287765	1.4145079762289057	0.7693159000575513	4621.357473333907	1.1659602579775292	0.8767145791650307	6.907650409428391	11.623275962996729
	gen16ind6	388.1864809831439	0.3289133689875746	0.7910268599664416	1.4085894999466877	0.7833080638883057	4598.871098342882	4.7765035977963315	0.4240187569182791	6.964285312997107	11.57773661061692
	gen17ind1	388.54419653247345	0.3388534321648464	0.8402774106926172	1.4071184387699363	0.7832595397605937	4565.7319918113135	12.661431309344053	0.7066964821542968	6.757051434799652	11.56067575593756
	gen18ind16	388.7009444206641	0.3289133689875746	0.7910268599664416	1.4101599828142488	0.771489855780151	4594.542519749808	4.7765035977963315	0.6124478453260391	6.955178923431321	11.57773661061692
	gen13ind19	388.8611399664515	0.33893289027360063	0.8205670663269208	1.4111858245327595	0.7646221123158151	4569.554522520549	12.661431309344053	0.8005901973841252	6.879401468598189	11.583053627931356
	gen17ind4	388.97087985440737	0.34623903643099585	0.7929142227494599	1.4096423728801237	0.7962974612809649	4607.327748044829	5.10842411375139	0.35717426616280573	6.97124814430995	11.561162464383594
	gen19ind16	389.6861667969497	0.34487003403955885	0.7942521221854896	1.4149406865796426	0.7740096877992875	4598.91672826897	5.10842411375139	0.7580518761030719	6.989034413914087	11.58577101447775
	gen17ind19	390.03532835799496	0.338547944806023	0.825345657320544	1.4045012243903372	0.7781270939521808	4568.947655797207	12.661431309344053	0.7066964821542968	6.825351843830189	11.583053627931356
	gen19ind11	390.4615983474166	0.31579772402885575	0.7951973661955369	1.4121176243462088	0.7628698203857488	4621.357473333907	1.0	0.8767145791650307	6.907650409428391	11.623275962996729
	gen16ind4	390.5586380796836	0.33976731108638425	0.8242035257224714	1.4104918390557826	0.7781270939521808	4565.7319918113135	12.661431309344053	0.7066964821542968	6.828753514005413	11.583053627931356
	gen17ind16	390.78070321066696	0.3418185150245967	0.7949220221717546	1.4060624263804191	0.7854305056419015	4598.871098342882	12.661431309344053	0.3189491042868131	6.969039007906085	11.57773661061692
	gen15ind2	390.83135441251324	0.3627999410125819	0.79145711137473	1.413515431996259	0.7713124023300235	4602.8766547135065	12.661431309344053	0.6970466189825353	6.980369977139961	11.595186790444412
	gen13ind8	392.86350742922275	0.36839869803379616	0.79145711137473	1.415322370941842	0.7740096877992875	4615.984905230976	12.661431309344053	0.7580518761030719	6.989034413914087	11.65250402463927
	gen14ind2	393.2347752129894	0.3562510978557357	0.79145711137473	1.4202589643829149	0.7593270449196683	4593.087931266117	12.661431309344053	0.9468897674121758	6.945836203592883	11.652046506569148
	gen16ind11	393.3801760093223	0.34258840595975193	0.7958550052677229	1.4176477096201596	0.7520763191866333	4586.775508690493	12.661431309344053	0.9681911813660039	6.972157672416936	11.707444374748377
	gen17ind9	393.4003037018412	0.35670088994749516	0.7920557557821796	1.4179326251044522	0.758544245124636	4596.353531362325	12.661431309344053	0.9681911813660039	6.972157672416936	11.673480152046789
	gen18ind13	393.43199282500007	0.328078948174791	0.7921834602931812	1.4085894999466877	0.7833080638883057	4601.986508586674	4.942463855773861	0.49895549287433505	6.9582277864778534	11.57773661061692
	gen18ind15	394.5348320580095	0.3543333354940647	0.7949220221717546	1.4060624263804191	0.7963971899482286	4616.16208066459	12.661431309344053	0.3189491042868131	6.977477378654661	11.550266435562367
	gen16ind8	394.55364049977004	0.36839869803379616	0.79145711137473	1.415322370941842	0.7644473829797038	4627.228092726489	20.546359020891774	0.7580518761030719	6.989034413914087	11.65250402463927
	gen19ind6	394.8563357404263	0.3385801862970582	0.7963561732911904	1.4149406865796426	0.7802158558454374	4614.342610689368	8.553007195592663	0.5576130711329388	6.989034413914087	11.64062868526004
	gen19ind17	394.85704041541203	0.3385801862970582	0.7963561732911904	1.4149406865796426	0.7802158558454374	4614.342610689368	8.553007195592663	0.5576130711329388	6.989034413914087	11.64302397425485
	gen17ind7	394.85984767305183	0.3385801862970582	0.7963561732911904	1.4149406865796426	0.7802158558454374	4614.342610689368	8.553007195592663	0.5576130711329388	6.989034413914087	11.65250402463927
	gen17ind3	395.69544586918863	0.3442572475853191	0.7926377589756093	1.4190747600151736	0.7902005491543467	4592.4397703710965	4.7765035977963315	0.5841589710662138	6.9795270240961305	11.48760545452097
	gen16ind9	395.74162696975515	0.34258840595975193	0.7920077994222947	1.4179326251044522	0.7515615275512684	4572.915571526762	12.661431309344053	0.9986938099262722	6.972157672416936	11.676078557344779
	gen14ind4	395.7794735004412	0.34258840595975193	0.7920077994222947	1.4179326251044522	0.7515615275512684	4586.775508690493	12.661431309344053	0.9986938099262722	6.972157672416936	11.62780937191895
	gen15ind8	396.28934631187366	0.3377135239932394	0.8205292483875426	1.4111858245327595	0.7778394993274711	4576.109959063118	12.661431309344053	0.8005901973841252	6.879401468598189	11.580758437524036
	gen12ind3	396.63632548124434	0.34258840595975193	0.7920077994222947	1.4179326251044522	0.7543572206989895	4586.775508690493	12.661431309344053	0.9681911813660039	6.972157672416936	11.62780937191895
	gen19ind7	396.87686939519995	0.3282433850397546	0.8043883680068702	1.4136010904757894	0.773851561305297	4565.7319918113135	12.661431309344053	0.642300783296095	6.828753514005413	11.586722076978745
	gen15ind7	397.0451593955155	0.3418185150245967	0.7949220221717546	1.407093530684283	0.7931342974384546	4598.871098342882	12.661431309344053	0.3189491042868131	6.9727236837456825	11.57773661061692
	gen18ind7	397.1628676321208	0.35727413461611257	0.7949220221717546	1.4060624263804191	0.7861819080329758	4616.16208066459	14.632663237230982	0.5085785468323512	6.943999189731436	11.57773661061692
	gen16ind5	397.39073860593635	0.3407606481166763	0.7920557557821796	1.4179326251044522	0.7543572206989895	4592.024952769251	12.661431309344053	0.9681911813660039	6.972157672416936	11.62780937191895
	gen15ind10	398.7772556310807	0.3265294917661924	0.7916286599732559	1.417012551407446	0.7631639072308937	4586.775508690493	12.661431309344053	0.664472253666351	6.972157672416936	11.62780937191895
	gen16ind19	399.0007092378979	0.3627999410125819	0.7950935707702805	1.413515431996259	0.7713124023300235	4593.106582920178	20.546359020891774	0.7661760331470986	6.932451677130365	11.588468028543698
	gen17ind6	399.07921732112464	0.34258840595975193	0.7958550052677229	1.4176477096201596	0.7595527391437136	4586.775508690493	12.661431309344053	0.9681911813660039	6.972157672416936	11.740767828516056
	gen17ind8	399.0828186857951	0.3372629270939627	0.7949220221717546	1.407093530684283	0.7931342974384546	4598.871098342882	12.661431309344053	0.3189491042868131	6.9727236837456825	11.57773661061692
	gen15ind13	399.70443159587313	0.3521720281638414	0.8073386596013805	1.411353085488525	0.7796010740947297	4604.089823062788	12.661431309344053	0.805262232141491	6.995837754264535	11.561162464383594
	gen15ind14	399.93628860394784	0.3442572475853191	0.7926377589756093	1.4165446541504982	0.7785714908239998	4597.27439684801	12.661431309344053	0.5841589710662138	6.9795270240961305	11.493234018980415
	gen13ind14	400.1677599832011	0.3364941577128782	0.7949220221717546	1.407093530684283	0.7956815635482095	4598.871098342882	12.661431309344053	0.3189491042868131	6.9254773993281304	11.571017848716206
	gen11ind4	400.3041834767567	0.33893289027360063	0.79145711137473	1.4164305912452337	0.7646221123158151	4591.674761550183	12.661431309344053	0.8005901973841252	6.995837754264535	11.642161931860624
	gen15ind4	400.4455474291763	0.34673531085422016	0.79145711137473	1.413515431996259	0.77459358579235	4607.9123537720225	12.661431309344053	0.7223361504725239	6.953514291142689	11.561162464383594
	gen15ind0	400.9343798136906	0.3521720281638414	0.79145711137473	1.413515431996259	0.7821711100057992	4604.089823062788	12.661431309344053	0.62389683396851	6.962620386767188	11.541900619117136
	gen12ind8	401.0252878991811	0.3364941577128782	0.7949220221717546	1.4110322659810892	0.7956815635482095	4597.093993754289	12.661431309344053	0.3189491042868131	6.945189799671759	11.571017848716206
	gen16ind2	401.40282909934604	0.37763948892578025	0.8012796364035902	1.4120520518169735	0.7879010932222489	4602.8766547135065	20.546359020891774	0.6970466189825353	6.974907485247385	11.623193226897655
	gen17ind15	401.47471691845465	0.3320976929657593	0.793740254820807	1.414721674448464	0.765268168253205	4586.775508690493	12.661431309344053	0.7791424240181428	6.972157672416936	11.619084282005204
	gen15ind3	401.7213658804552	0.3521720281638414	0.7919040039970383	1.4160455378609345	0.7796010740947297	4604.089823062788	12.661431309344053	0.6970466189825353	6.965354332066488	11.55553389992415
	gen18ind4	401.9134429866318	0.3425089478509977	0.7958550052677229	1.4176477096201596	0.7625354836652006	4578.399219226905	12.495471051366524	0.9681911813660039	6.978215198936189	11.707444374748377
	gen16ind16	402.0304203724967	0.33347723009848396	0.7978941198358824	1.4120512452342333	0.7740096877992875	4646.198527178311	20.546359020891774	0.4693710760303792	6.962666269698312	11.62343439225764
	gen14ind11	402.401852400538	0.33893289027360063	0.7921037121420644	1.4155105175482277	0.7785714908239998	4597.27439684801	12.661431309344053	0.5841589710662138	6.973226691486317	11.493234018980415
	gen15ind9	402.4378130251637	0.36839869803379616	0.7997981238329207	1.4166051491416813	0.7721094249301041	4621.357473333907	28.431286732439496	0.7580518761030719	6.9735666367895135	11.679809588799372
	gen17ind11	402.7152515574911	0.3415950689294599	0.7920557557821796	1.418503692559813	0.7678622023353552	4601.787052191419	8.718967453570192	0.9681911813660039	6.972157672416936	11.62780937191895
	gen12ind10	402.8518583207583	0.3521720281638414	0.79145711137473	1.413515431996259	0.7796010740947297	4604.089823062788	12.661431309344053	0.6970466189825353	6.995837754264535	11.561162464383594
	gen15ind16	403.3233759246891	0.33893289027360063	0.795740171537615	1.4155105175482277	0.7785714908239998	4593.451866138776	20.546359020891774	0.5588694395762253	6.921906721301497	11.486515257079699
	gen14ind18	403.86911033482795	0.36839869803379616	0.7997981238329207	1.4149406865796426	0.7740096877992875	4621.357473333907	28.431286732439496	0.7580518761030719	6.989034413914087	11.65250402463927
	gen13ind17	404.759972474959	0.33893289027360063	0.7915327472534862	1.4164305912452337	0.7702828190592936	4597.27439684801	12.661431309344053	0.8005901973841252	6.973226691486317	11.543374973204436
	gen16ind18	405.3491433310695	0.34472453756830446	0.7949220221717546	1.407093530684283	0.8063778433235758	4598.871098342882	12.661431309344053	0.254076917416824	6.941637989791062	11.57773661061692
	gen8ind11	405.41170825612676	0.3473909772617496	0.79145711137473	1.4164305912452337	0.7796010740947297	4604.089823062788	12.661431309344053	0.6970466189825353	6.995837754264535	11.561162464383594
	gen16ind7	405.6796941036619	0.3468739656361843	0.7997981238329207	1.4149406865796426	0.7698226633736409	4646.198527178311	24.654783134643164	0.7275492475428036	6.960819935003681	11.62343439225764
	gen11ind1	408.03979797227055	0.3468765487911166	0.79145711137473	1.4164305912452337	0.769089243414038	4604.089823062788	12.661431309344053	0.9468897674121758	6.995837754264535	11.65250402463927
	gen16ind10	408.7430684853304	0.353772438186799	0.7935986414561724	1.411884790861208	0.7881854924621328	4598.770844600782	16.603895165117912	0.5883753738993798	6.973226691486317	11.569509640859486
	gen14ind1	409.09193239665274	0.329394977156358	0.79145711137473	1.415322370941842	0.7740096877992875	4615.984905230976	5.10842411375139	0.9979946492595593	6.995837754264535	11.65250402463927
	gen13ind3	409.5199449716445	0.3575490213020791	0.7991692840296745	1.4161548739215966	0.7843601500612525	4583.4450967287885	75.74085300172582	0.0052555291644090785	6.933966645766239	11.736358509702175
	gen16ind1	410.9817867686457	0.3468739656361843	0.8039686300620161	1.4149406865796426	0.7740096877992875	4646.198527178311	28.431286732439496	0.7580518761030719	6.954932381136025	11.63708717433769
	gen14ind16	411.32461145276005	0.3521720281638414	0.79145711137473	1.4093915164675985	0.7756880276970312	4604.089823062788	12.661431309344053	0.9395338921687659	6.995837754264535	11.491445138109038
	gen14ind5	411.75528276064364	0.36861198609999735	0.7987300301658311	1.4128724133751012	0.7791042200187972	4596.4447616443185	28.431286732439496	0.8963107044321985	6.893197813894894	11.63906650083784
	gen11ind18	412.8300052817351	0.3364941577128782	0.79145711137473	1.4110322659810892	0.7956815635482095	4604.089823062788	12.661431309344053	0.4634482517963758	6.995837754264535	11.538784592389797
	gen15ind6	413.1785105368795	0.3468739656361843	0.7997981238329207	1.4149406865796426	0.7740096877992875	4646.198527178311	28.431286732439496	0.7580518761030719	6.962666269698312	11.62343439225764
	gen15ind18	413.5941207053007	0.3577499834103592	0.7987300301658311	1.4128724133751012	0.7791042200187972	4596.4447616443185	28.431286732439496	0.7934027834172726	6.931535630077473	11.587221581751518
	gen12ind0	413.91253422073817	0.3468765487911166	0.79145711137473	1.415322370941842	0.7740096877992875	4615.984905230976	12.661431309344053	0.9468897674121758	6.995837754264535	11.65250402463927
	gen13ind6	415.52713120468854	0.3738960335431178	0.7980565959116196	1.4104224558083602	0.7820396639544941	4580.299658726411	44.20114215553494	0.6983804336893581	6.99314969189636	11.657862233362817
	gen16ind12	416.04637024643637	0.3658126075893902	0.7987300301658311	1.4082590641741883	0.7977994941002658	4596.4447616443185	28.431286732439496	0.5367996166822887	6.9181985892307205	11.63906650083784
	gen15ind15	416.26480942528394	0.36861198609999735	0.7987300301658311	1.4082590641741883	0.7977994941002658	4596.4447616443185	28.431286732439496	0.567302245242557	6.9181985892307205	11.63906650083784
	gen12ind15	416.5442496498147	0.3738960335431178	0.794420136516069	1.4104224558083602	0.7822880909924603	4580.299658726411	44.20114215553494	0.6683766662540563	6.99314969189636	11.62562897703641
	gen13ind10	417.5924307808012	0.3607945243788637	0.7970876910881589	1.4051976832692379	0.7918810378098429	4597.747524380724	75.74085300172582	0.26568349416944353	6.859446553313577	11.62562897703641
	gen13ind9	417.9054810349448	0.3577499834103592	0.7987300301658311	1.4128724133751012	0.7791042200187972	4596.4447616443185	28.431286732439496	0.8963107044321985	6.894541845078982	11.63906650083784
	gen16ind17	418.045548903085	0.3349404402666937	0.7997981238329207	1.4149406865796426	0.7740096877992875	4629.537461081833	28.431286732439496	0.7580518761030719	6.912182015427426	11.62343439225764
	gen14ind13	419.135819194017	0.3364941577128782	0.79145711137473	1.4110322659810892	0.7967175930826056	4610.385269933149	28.431286732439496	0.2888728490328928	6.995837754264535	11.538784592389797
	gen12ind13	419.8985813816857	0.3627402168411983	0.7974368286311622	1.418299926401973	0.7843601500612525	4592.890552467133	75.74085300172582	0.3192258607270904	6.933966645766239	11.736358509702175
	gen15ind11	420.1854045486502	0.33435008629719587	0.7917324553985123	1.4117832829106984	0.7967175930826056	4610.385269933149	28.431286732439496	0.2888728490328928	6.995837754264535	11.538784592389797
	gen12ind19	420.22695816493354	0.3577499834103592	0.7987300301658311	1.4104224558083602	0.7791042200187972	4596.4447616443185	44.20114215553494	0.7570541538531388	6.894541845078982	11.62562897703641
	gen14ind15	420.75367407133433	0.3607945243788637	0.7970876910881589	1.404643573117542	0.7890853446621218	4601.085703104865	75.74085300172582	0.4607203244234489	6.841814021728077	11.687416385327452
	gen12ind6	421.74177402907014	0.3607945243788637	0.7970876910881589	1.4051976832692379	0.7918810378098429	4597.747524380724	75.74085300172582	0.40804832396340995	6.87699419919628	11.62562897703641
	gen10ind4	422.22448390119746	0.3577499834103592	0.7987300301658311	1.4037201094713987	0.7918810378098429	4580.272063698779	75.74085300172582	0.40804832396340995	6.894541845078982	11.62562897703641
	gen13ind18	422.5745108890233	0.35549891297847813	0.7974368286311622	1.4162527743063094	0.7901757478979066	4597.882292306485	75.74085300172582	0.3050002667236046	6.933966645766239	11.736358509702175
	gen11ind2	422.63886782091026	0.35549891297847813	0.7974368286311622	1.4162527743063094	0.7901757478979066	4604.089823062788	75.74085300172582	0.3050002667236046	6.933966645766239	11.736358509702175
	gen12ind18	422.7652068327496	0.3473909772617496	0.7921793480208207	1.4110322659810892	0.7956815635482095	4584.818001008179	12.661431309344053	0.646441186702801	6.995837754264535	11.538784592389797
	gen13ind0	422.82045214362194	0.37165652706850194	0.7970876910881589	1.4036511951752884	0.7932245462587082	4597.747524380724	91.51070842482127	0.40804832396340995	6.87699419919628	11.62562897703641
	gen11ind3	423.32050052591643	0.3577499834103592	0.798386932968779	1.4074183880899236	0.7918810378098429	4590.09816444579	75.74085300172582	0.40804832396340995	6.894541845078982	11.62562897703641
	gen14ind9	423.9173467213199	0.3643936559103178	0.794420136516069	1.4078122016457502	0.7850409988176118	4580.299658726411	44.20114215553494	0.6683766662540563	6.99314969189636	11.526842018380222
	gen12ind1	423.9605777878697	0.3627402168411983	0.7974368286311622	1.4162527743063094	0.7956749481610657	4594.291574821753	75.74085300172582	0.32836252730805376	6.933966645766239	11.736358509702175
	gen11ind8	424.9603926724106	0.379543622508102	0.7940555951359702	1.4145167599996875	0.7597200589028833	4557.9011175351	75.74085300172582	0.7717014799341391	6.993646283481445	11.670384721024003
	gen4ind10	425.42155816977294	0.36506101478266173	0.8097554431872312	1.4104224558083602	0.7602178243400775	4560.894499524702	75.74085300172582	0.9503374487303473	6.899239121489334	11.78762791199047
	gen9ind5	425.75017018407823	0.379543622508102	0.79145711137473	1.4145167599996875	0.7597200589028833	4557.9011175351	75.74085300172582	0.875245058335729	6.993646283481445	11.670384721024003
	gen10ind19	426.2577762548446	0.3738960335431178	0.8035693024223196	1.4104224558083602	0.7800859470045916	4580.299658726411	75.74085300172582	0.7432502919271674	6.95855099171604	11.62562897703641
	gen14ind14	426.60498268466506	0.379543622508102	0.799461406705815	1.4080049432489883	0.7823496551025095	4560.703162244341	75.74085300172582	0.7899748130960658	6.899239121489334	11.618211531705589
	gen14ind19	427.16507124508837	0.379543622508102	0.8060120888508253	1.4145167599996875	0.7597200589028833	4553.159001979717	75.74085300172582	0.875245058335729	6.935428140648272	11.64083056905937
	gen11ind17	427.5288706123935	0.385632704445111	0.79145711137473	1.410075350358316	0.7881506511046122	4573.199837404967	75.74085300172582	0.5905153987477961	6.95855099171604	11.505582296897387
	gen12ind9	427.5430677593843	0.3214272619795618	0.7944469700029461	1.4141209779550858	0.7966941119448567	4604.089823062788	12.661431309344053	0.4634482517963758	6.995837754264535	11.654172698792191
	gen10ind10	427.73605281135093	0.36506101478266173	0.8008536426610021	1.4104224558083602	0.7713512545761915	4580.299658726411	75.74085300172582	0.7073950543783271	6.95855099171604	11.596923857153062
	gen8ind4	428.2710841346143	0.3473909772617496	0.816078619446194	1.4164305912452337	0.7984155427214379	4599.812207285437	75.74085300172582	0.3767107418212853	6.995837754264535	11.561162464383594
	gen10ind5	428.72370799218885	0.379543622508102	0.79145711137473	1.4080049432489883	0.8002367169088304	4560.703162244341	75.74085300172582	0.5731557894746884	6.792124526460112	11.537815553223794
	gen13ind16	429.5542693082279	0.3607945243788637	0.7970876910881589	1.404643573117542	0.7890853446621218	4603.695065464818	75.74085300172582	0.5329698981782303	6.87699419919628	11.671299757164249
	gen14ind10	429.6719893685896	0.3577499834103592	0.7987300301658311	1.4104224558083602	0.7999212825365828	4596.4447616443185	75.74085300172582	0.3924600049297988	6.894541845078982	11.62562897703641
	gen3ind0	430.9370326046746	0.36506101478266173	0.79145711137473	1.4104224558083602	0.7713512545761915	4580.299658726411	75.74085300172582	0.7432502919271674	6.95855099171604	11.596923857153062
	gen8ind16	431.0455980794218	0.3473909772617496	0.79145711137473	1.4164305912452337	0.7901757478979066	4604.089823062788	75.74085300172582	0.3050002667236046	6.995837754264535	11.58986758426694
	gen8ind12	431.15846805443965	0.379543622508102	0.79145711137473	1.4080049432489883	0.7823496551025095	4560.703162244341	75.74085300172582	0.7899748130960658	6.899239121489334	11.596923857153062
	gen14ind17	431.71269943318333	0.3607945243788637	0.7970876910881589	1.407265956473779	0.7890853446621218	4603.695065464818	75.74085300172582	0.5329698981782303	6.923906810640343	11.651460429800789
	gen13ind1	432.1353463251089	0.385632704445111	0.79145711137473	1.410075350358316	0.7934379880062007	4573.199837404967	75.74085300172582	0.5905153987477961	6.95855099171604	11.505582296897387
	gen13ind12	432.4029940135914	0.35532281128679044	0.7944469700029461	1.4173652588236034	0.7978112012215138	4598.490187764961	75.74085300172582	0.3050002667236046	6.995837754264535	11.631794826798393
	gen13ind2	432.495392788641	0.35549891297847813	0.7974368286311622	1.4162527743063094	0.7901757478979066	4595.365890235631	75.74085300172582	0.4351644378689278	6.933966645766239	11.736358509702175
	gen10ind11	432.6879234736649	0.359367083237724	0.79145711137473	1.4104224558083602	0.7713512545761915	4580.299658726411	75.74085300172582	0.7432502919271674	6.95855099171604	11.65603216108233
	gen12ind4	433.24900454025897	0.3656022619907261	0.7950935707702805	1.4081784959740102	0.7823496551025095	4560.703162244341	75.74085300172582	0.7493467079836069	6.867234548170805	11.596923857153062
	gen14ind3	433.4033531684683	0.3577499834103592	0.7987300301658311	1.4104224558083602	0.7918810378098429	4584.549679476129	75.74085300172582	0.5099260958762899	6.893197813894894	11.62562897703641
	gen9ind7	433.450364559762	0.3577499834103592	0.7987300301658311	1.4104224558083602	0.7918810378098429	4596.4447616443185	75.74085300172582	0.5092591885228785	6.894541845078982	11.62562897703641
	gen10ind3	433.672671194778	0.3819771887589597	0.7987300301658311	1.4104224558083602	0.7901757478979066	4585.724622549914	75.74085300172582	0.7432502919271674	6.95855099171604	11.62562897703641
	gen14ind12	434.22041009826916	0.3499325216892255	0.7970876910881589	1.4061900612114915	0.7878660497322396	4603.695065464818	75.74085300172582	0.5323029908248189	6.87699419919628	11.671299757164249
	gen8ind10	434.7476766354354	0.399160906565863	0.865155597699321	1.4034069577438355	0.835434940297159	4604.347640447884	3632.850776236781	0.13445977624427824	6.851804164175318	11.532820420058574
	gen12ind16	434.88581215964996	0.35549891297847813	0.7974368286311622	1.4117466727286543	0.8038052106449205	4603.301524510592	75.74085300172582	0.3050002667236046	6.933966645766239	11.728092032290068
	gen14ind8	436.40231637153795	0.3577499834103592	0.7987300301658311	1.4104224558083602	0.799843836989995	4601.694205723077	75.74085300172582	0.5092591885228785	6.895076354613673	11.583411777679153
	gen14ind6	436.50248241677036	0.379543622508102	0.79145711137473	1.4064584551550388	0.7836931635513749	4551.191919923847	91.51070842482127	0.7756398367318262	6.899239121489334	11.596923857153062
	gen10ind12	436.6640185755192	0.3822179520886784	0.865155597699321	1.4034069577438355	0.8395598500564281	4621.588994649459	3828.7052597297707	0.11135793977196218	6.80025194548034	11.442945856525059
	gen0ind12	437.61722828512654	0.36506101478266173	0.79145711137473	1.4104224558083602	0.7803974261267074	4560.894499524702	75.74085300172582	0.7899748130960658	6.899239121489334	11.596923857153062
	gen7ind3	438.51028870293703	0.3910529708491345	0.865155597699321	1.4034069577438355	0.835434940297159	4609.693912481271	3828.7052597297707	0.13445977624427824	6.781608564206092	11.442945856525059
	gen9ind3	439.2283677131868	0.3988933627352577	0.852528633357788	1.400539406888234	0.8425990342764632	4563.708964740635	3482.105155000596	0.1187994186869274	6.781608564206092	11.442945856525059
	gen12ind7	439.3302719064472	0.3660919151768694	0.79145711137473	1.4161256861588694	0.7823779396260976	4604.089823062788	107.28056384791671	0.4449012867890004	6.977194372990287	11.633289776590246
	gen9ind18	440.7932588812986	0.3988933627352577	0.8329639564350513	1.4030258985713107	0.8254798308666844	4566.072421055891	3924.8614341304165	0.10257853760466745	6.781608564206092	11.442945856525059
	gen7ind4	440.9262827952088	0.3473909772617496	0.79145711137473	1.4164305912452337	0.7713512545761915	4604.089823062788	75.74085300172582	0.6970466189825353	6.995837754264535	11.561162464383594
	gen10ind2	441.0667191548873	0.3988933627352577	0.8329639564350513	1.4067241771898353	0.8254798308666844	4566.072421055891	3924.8614341304165	0.10257853760466745	6.781608564206092	11.519934856839061
	gen7ind9	441.6530928551932	0.3473909772617496	0.8000768986742544	1.4104224558083602	0.7803974261267074	4584.6846638610805	75.74085300172582	0.7437711401514338	6.944850375508759	11.596923857153062
	gen11ind0	441.65674077132184	0.3988933627352577	0.8329639564350513	1.4018171422916246	0.8309790311298435	4559.233697018923	3390.2453854478745	0.10257853760466745	6.781608564206092	11.442945856525059
	gen8ind17	441.6830111428686	0.3988933627352577	0.8329639564350513	1.4030258985713107	0.8254798308666844	4569.031945259957	3390.2453854478745	0.10257853760466745	6.781608564206092	11.442945856525059
	gen7ind2	441.6958633435317	0.3988933627352577	0.8407001275176579	1.4030258985713107	0.8254798308666844	4571.744427171709	3390.2453854478745	0.10257853760466745	6.781608564206092	11.442945856525059
	gen13ind11	441.9953511540163	0.3855145626551	0.8496770212791116	1.4030258985713107	0.8316032711510235	4559.84934500352	2239.7969005021396	0.1743093520631837	6.762965182931844	11.388334728204853
	gen10ind13	442.5785748036696	0.3855145626551	0.8407001275176579	1.4030258985713107	0.8330272391917602	4571.744427171709	1882.8621885788152	0.056927305421469454	6.781608564206092	11.351604296269382
	gen10ind0	442.81593982641266	0.39590789266175874	0.8329639564350513	1.4030258985713107	0.8254798308666844	4562.110290441653	2319.8105560700524	0.10257853760466745	6.781608564206092	11.442945856525059
	gen9ind4	443.12146864163134	0.3834638184511636	0.8007706237161016	1.4080049432489883	0.7773721003872722	4558.27158041044	145.48908413922226	0.7899748130960658	6.899239121489334	11.596923857153062
	gen13ind15	443.79234587192815	0.3532395561122995	0.792925207201961	1.4083329815849166	0.7884550719342625	4580.299658726411	44.20114215553494	0.740487861788699	6.99314969189636	11.62562897703641
	gen7ind6	444.2410266814097	0.36506101478266173	0.7987300301658311	1.4104224558083602	0.7901757478979066	4580.299658726411	75.74085300172582	0.7432502919271674	6.95855099171604	11.62562897703641
	gen9ind6	444.68481064401914	0.3782555569666132	0.8445562917767637	1.4058051063200558	0.8239297870647573	4555.892137191982	3039.6164476160366	0.009572891663597483	6.869707966222356	11.41071260019865
	gen11ind15	444.756222299399	0.37316895049939025	0.8035693024223196	1.4132487065878725	0.7858406747777105	4580.299658726411	122.11363049126395	0.7432502919271674	6.95855099171604	11.67323973860988
	gen8ind13	446.1205986543371	0.3870905757270693	0.8358819971365823	1.4058051063200558	0.8198098896529916	4555.892137191982	3039.6164476160366	0.009572891663597483	6.851064584948109	11.442945856525059
	gen12ind12	446.6234237681505	0.370497732092283	0.7987300301658311	1.4059163542307052	0.7901757478979066	4580.299658726411	107.28056384791671	0.7432502919271674	6.907903037123264	11.61219145323498
	gen9ind13	447.8772585226029	0.3565124650107661	0.8054737754753246	1.4104224558083602	0.7901757478979066	4580.299658726411	75.74085300172582	0.7432502919271674	6.961923297121058	11.867550905748793
	gen10ind9	449.30011882564105	0.35153753648890496	0.8293536575301579	1.400526879553197	0.8281325436687379	4575.683266271883	3626.3094068793093	0.009572891663597483	6.792249306306488	11.420567984531262
	gen14ind7	450.32350213057737	0.3577499834103592	0.7987300301658311	1.4104224558083602	0.7918810378098429	4593.037048536929	75.74085300172582	0.7570541538531388	6.914171867939022	11.62562897703641
	gen11ind12	453.91949433909815	0.3473909772617496	0.8000768986742544	1.4104224558083602	0.789809672787565	4584.6846638610805	75.74085300172582	0.7437711401514338	6.944850375508759	11.596923857153062
	gen8ind15	454.1714614889444	0.3587788403516251	0.8293536575301579	1.4015202725424665	0.8129046991712262	4560.94108255283	3626.3094068793093	0.009572891663597483	6.792249306306488	11.442945856525059
	gen9ind1	454.4551942634826	0.3587788403516251	0.8293536575301579	1.4015202725424665	0.8129046991712262	4564.483995676228	3626.3094068793093	0.009572891663597483	6.792249306306488	11.442945856525059
	gen7ind15	455.2479571668391	0.3587788403516251	0.8304825110773573	1.4021068277015312	0.8129046991712262	4560.94108255283	3626.3094068793093	0.009572891663597483	6.792249306306488	11.442945856525059
	gen5ind7	455.33148619365727	0.3587788403516251	0.815010168912144	1.4058051063200558	0.8129046991712262	4555.516118729327	2722.7487390907645	0.009572891663597483	6.851064584948109	11.442945856525059
	gen6ind13	456.07150399358454	0.3763561927126301	0.7940468942487304	1.4115955661264898	0.7752557125277959	4560.894499524702	148.1717333921087	0.7936655961814589	6.886866214824996	11.385535616758364
	gen6ind5	456.96563339615034	0.3800292925684894	0.8407001275176579	1.400164301150514	0.8153751977073713	4609.693912481271	3309.4116451036844	0.13066873597656098	6.781608564206092	11.442945856525059
	gen9ind11	457.4594976643689	0.3870905757270693	0.8476585259052893	1.4034964315759035	0.8198098896529916	4555.892137191982	3039.6164476160366	0.009572891663597483	6.797321381564143	11.365956856211056
	gen3ind3	457.59334069044036	0.35249666592058854	0.8085927318309327	1.4040420563647107	0.8129046991712262	4587.814348366211	3885.708036599799	0.009572891663597483	6.785798953182955	11.442945856525059
	gen12ind14	459.5220219515111	0.3855145626551	0.8496770212791116	1.4030258985713107	0.8216627635551004	4559.84934500352	2271.3366113483303	0.26340857173978055	6.762965182931844	11.442945856525059
	gen9ind14	459.6410596680087	0.3855145626551	0.8496770212791116	1.4030258985713107	0.8216627635551004	4571.744427171709	2216.61051175737	0.26340857173978055	6.781608564206092	11.442945856525059
	gen7ind0	460.55192335317525	0.36352034420123364	0.8330482020125958	1.4040420563647107	0.8129046991712262	4587.814348366211	3885.708036599799	0.009572891663597483	6.785798953182955	11.442945856525059
	gen10ind7	460.68769726296665	0.3855145626551	0.8373662672433796	1.4030258985713107	0.8175428661433347	4573.883235060384	2216.61051175737	0.2275533341909402	6.781608564206092	11.457298416466731
	gen4ind15	461.4142819846193	0.35249666592058854	0.8085927318309327	1.4040420563647107	0.8129046991712262	4636.793470143825	3012.1949112954635	0.005510980748775818	6.785798953182955	11.442945856525059
	gen9ind9	461.7880707061999	0.34994382159116905	0.8156836031663556	1.4058051063200558	0.8080155382856267	4557.708621296662	2722.7487390907645	0.009572891663597483	6.851064584948109	11.442945856525059
	gen7ind10	462.47424208586824	0.3653037560217394	0.7917891871543317	1.4104224558083602	0.7752557125277959	4585.294206002986	159.0959982457253	0.7936655961814589	6.865561975260823	11.414240736641712
	gen5ind1	462.9948960803203	0.3634672060938098	0.7917891871543317	1.4101684163600101	0.7752557125277959	4560.894499524702	159.0959982457253	0.7936655961814589	6.886866214824996	11.385535616758364
	gen4ind16	463.28801850758606	0.3634672060938098	0.7917891871543317	1.4104224558083602	0.7752557125277959	4560.894499524702	159.0959982457253	0.7936655961814589	6.865561975260823	11.385535616758364
	gen0ind6	463.36425212334484	0.35249666592058854	0.8085927318309327	1.4030258985713107	0.8129046991712262	4571.587043591475	1950.384647191948	0.16995952940198383	6.718966410511947	11.442945856525059
	gen6ind6	463.8646441929865	0.35249666592058854	0.8286812779536448	1.4030258985713107	0.8129046991712262	4562.0458960615	2385.084014348057	0.26340857173978055	6.718966410511947	11.442945856525059
	gen7ind5	464.51675854764443	0.35957574469605114	0.7998588837130305	1.4073592758107105	0.7992219194484225	4560.894499524702	75.74085300172582	0.7899748130960658	6.899239121489334	11.596923857153062
	gen4ind19	465.3684231266404	0.3855145626551	0.8407001275176579	1.4030258985713107	0.8153751977073713	4571.744427171709	1882.8621885788152	0.26340857173978055	6.781608564206092	11.442945856525059
	gen5ind3	466.1113746749787	0.37923238822406335	0.8407001275176579	1.4030258985713107	0.8153751977073713	4585.204351592463	3787.845780377852	0.26340857173978055	6.781608564206092	11.442945856525059
	gen6ind15	466.322927753612	0.35249666592058854	0.7968162030622257	1.4040420563647107	0.8129046991712262	4639.482660541513	3012.1949112954635	0.005510980748775818	6.809886221453567	11.519934856839061
	gen2ind12	466.57567299352803	0.31146481048050334	0.8257046547255018	1.4030258985713107	0.8129046991712262	4571.587043591475	910.738454176199	0.16995952940198383	6.718966410511947	11.674938818117164
	gen7ind13	467.0136322165089	0.35249666592058854	0.8085927318309327	1.4040420563647107	0.8146099890831626	4589.439964939687	3885.708036599799	0.18634336986286978	6.785798953182955	11.442945856525059
	gen2ind2	467.5787708537633	0.35249666592058854	0.8085927318309327	1.4030258985713107	0.8129046991712262	4562.0458960615	1741.6598010506452	0.26340857173978055	6.718966410511947	11.442945856525059
	gen7ind19	468.9718389229557	0.35249666592058854	0.8088107467921566	1.402721061908211	0.8129046991712262	4562.0458960615	1741.6598010506452	0.26340857173978055	6.718966410511947	11.331774272442521
	gen5ind19	469.32600201843775	0.3855145626551	0.8407001275176579	1.4030258985713107	0.8153751977073713	4571.744427171709	1882.8621885788152	0.2910489190706791	6.747167417702926	11.401535233896062
	gen5ind15	469.590365690563	0.3686323860876217	0.79145711137473	1.4022181101549562	0.7803974261267074	4560.894499524702	249.2690396214894	0.7899748130960658	6.899239121489334	11.596923857153062
	gen5ind11	470.8316597534688	0.3488451433492047	0.8085927318309327	1.4107780896862092	0.795165931388745	4571.587043591475	294.6452513655656	0.4523288042467872	6.758847921550881	11.442945856525059
	gen8ind7	470.8919334827759	0.3422698919843694	0.7989564710687813	1.4127071004488159	0.8116694499031536	4570.992390246398	1364.7102682001353	0.009572891663597483	6.851064584948109	11.615286884257763
	gen9ind10	471.09943110459267	0.3988933627352577	0.8329639564350513	1.4030258985713107	0.807125378188833	4569.031945259957	3390.2453854478745	0.10257853760466745	6.781608564206092	11.442945856525059
	gen13ind4	471.81485501043926	0.3855145626551	0.8466871626508955	1.4030258985713107	0.8111195113131661	4559.84934500352	2271.3366113483303	0.5843533220840662	6.7939007371809925	11.442945856525059
	gen7ind17	472.50506382994325	0.3422698919843694	0.7989564710687813	1.4127071004488159	0.8116694499031536	4570.992390246398	2756.509968397331	0.009572891663597483	6.851064584948109	11.442945856525059
	gen9ind12	473.52513442072575	0.36506101478266173	0.79145711137473	1.4104224558083602	0.7713512545761915	4573.541745461096	260.00747017682914	0.6967474689566324	6.95855099171604	11.596923857153062
	gen6ind16	473.5394514256862	0.35900280671893026	0.8484845099565657	1.4380304323234006	0.845903977245379	4628.46062478684	3633.780885628398	0.08292598689788538	6.70184905102643	11.141785119611644
	gen8ind3	474.34895943524367	0.36448807680554085	0.8600950008354717	1.4358487773034234	0.845903977245379	4631.149815184527	3538.3494164584104	0.1631193057670785	6.767898138244511	11.141785119611644
	gen7ind16	474.8304154531687	0.3579819360071992	0.8001909594926322	1.4030258985713107	0.7940802058495111	4571.587043591475	1054.7403227188365	0.16995952940198383	6.802916312668472	11.442945856525059
	gen5ind17	475.0991754586392	0.35249666592058854	0.8085927318309327	1.4168298868288307	0.8129046991712262	4602.69697020585	1950.384647191948	0.11056435390012292	6.718966410511947	11.442945856525059
	gen11ind5	477.89118452219316	0.3908798633285232	0.8329639564350513	1.4030258985713107	0.849364414643861	4561.79480527854	3924.8614341304165	0.10257853760466745	6.706862649548882	11.519934856839061
	gen2ind16	478.53938186697474	0.35249666592058854	0.8085927318309327	1.4030258985713107	0.8001812064771334	4587.3925354572675	2360.7387013208754	0.16995952940198383	6.718966410511947	11.442945856525059
	gen6ind11	478.8624959643422	0.36448807680554085	0.8484845099565657	1.4380304323234006	0.845903977245379	4623.114352753453	3512.25236252049	0.2289270464918522	6.768960380068699	11.113079999728296
	gen4ind2	480.72172482310793	0.35249666592058854	0.8085927318309327	1.400086089353917	0.7948123560701944	4574.192105995619	3142.6014163914633	0.16995952940198383	6.815756318749466	11.40801135288909
	gen8ind2	481.93837123442813	0.3763561927126301	0.7940468942487304	1.4115955661264898	0.7752557125277959	4560.894499524702	288.72798584888056	0.7936655961814589	6.886866214824996	11.385535616758364
	gen11ind9	485.1742813935322	0.3587788403516251	0.8501070800603185	1.4015202725424665	0.8129046991712262	4564.483995676228	2449.1303025563457	0.3107629854976525	6.703778092551514	11.404451356368059
	gen11ind19	486.6835380718667	0.38054771415388977	0.8496770212791116	1.4030258985713107	0.8045435601453216	4571.744427171709	637.1807183115682	0.26340857173978055	6.781608564206092	11.468795958822529
	gen11ind10	486.7036478370288	0.35308490880668736	0.8147152781022061	1.4015202725424665	0.7966510626489668	4571.0414166452565	1851.0251299405177	0.3766720159075156	6.792249306306488	11.519934856839061
	gen5ind2	487.8696097195374	0.35249666592058854	0.8085927318309327	1.4295773450664735	0.8129046991712262	4636.793470143825	2399.0725220061618	0.005510980748775818	6.785798953182955	11.442945856525059
	gen5ind4	490.2963333737255	0.36448807680554085	0.8484845099565657	1.4380304323234006	0.845903977245379	4623.114352753453	3470.57478989849	0.2289270464918522	6.785798953182955	11.113079999728296
	gen6ind7	491.31146920711336	0.34621449148955197	0.8171605420590341	1.4168298868288307	0.8336814214687436	4602.69697020585	2887.706544287059	0.17608102736246883	6.8008258800901	11.365956856211056
	gen7ind18	491.48591669128734	0.36448807680554085	0.8484845099565657	1.4380304323234006	0.845903977245379	4631.149815184527	2256.5230460358907	0.2289270464918522	6.785798953182955	11.113079999728296
	gen9ind19	491.50820892693525	0.36916123142986357	0.8293536575301579	1.4015202725424665	0.7976271771368679	4560.94108255283	2302.8054638347903	0.009572891663597483	6.8163365745771	11.442945856525059
	gen6ind14	492.0636111020609	0.3488451433492047	0.7913531572318838	1.4107780896862092	0.7786662923516686	4571.587043591475	467.4498199877054	0.4523288042467872	6.758847921550881	11.60787878492344
	gen13ind13	492.1289388141095	0.36100436018398907	0.8188346109284085	1.4070290822762	0.8086721635516549	4604.089823062788	1141.9990213288372	0.4634482517963758	6.995837754264535	11.474748596294223
	gen6ind12	492.6561823832721	0.3984035492739203	0.8407001275176579	1.4030258985713107	0.8063290261568554	4571.744427171709	1882.8621885788152	0.26340857173978055	6.7730630165941275	11.363684607788096
	gen5ind5	493.5400416927184	0.37827463915822923	0.7969205690248088	1.40689635589767	0.7948123560701944	4596.3545224287045	2401.6594480197955	0.22524022406378086	6.7687078579590265	11.284423359051134
	gen8ind19	494.53559196611144	0.3488451433492047	0.7913531572318838	1.4107780896862092	0.7786662923516686	4579.701197812666	467.4498199877054	0.4523288042467872	6.724119911179873	11.60787878492344
	gen6ind9	496.29959597363523	0.37827463915822923	0.7969205690248088	1.40689635589767	0.7948123560701944	4613.402772397692	2401.6594480197955	0.1727135374881073	6.7687078579590265	11.284423359051134
	gen1ind17	499.21705682809426	0.35249666592058854	0.8085927318309327	1.4030258985713107	0.7948123560701944	4600.856214464917	2929.2957613732788	0.16995952940198383	6.837590150965358	11.367244604309128
	gen8ind14	499.7996022749446	0.37276912004288065	0.8484845099565657	1.4380304323234006	0.8340362801648332	4655.5495216628115	2256.5230460358907	0.2289270464918522	6.743822247655589	11.113079999728296
	gen4ind14	500.32906848974557	0.35249666592058854	0.8085927318309327	1.4044530483377904	0.7948123560701944	4619.694519681046	2929.2957613732788	0.16995952940198383	6.829044603353394	11.287983355572166
	gen5ind6	500.7348370529348	0.35249666592058854	0.7969205690248088	1.40689635589767	0.7948123560701944	4625.4909587984685	2401.6594480197955	0.22524022406378086	6.770803052447458	11.284423359051134
	gen3ind5	500.8853619598108	0.35249666592058854	0.7969205690248088	1.40689635589767	0.7948123560701944	4625.4909587984685	2401.6594480197955	0.22524022406378086	6.7687078579590265	11.284423359051134
	gen9ind16	500.986236004073	0.33892904111896527	0.8114511082989939	1.4038289472866188	0.7931984674080841	4560.94108255283	3626.3094068793093	0.3766720159075156	6.839142201586813	11.442945856525059
	gen5ind10	502.2096858333588	0.3470113958339779	0.8085927318309327	1.4004219895427825	0.7948123560701944	4619.694519681046	2929.2957613732788	0.16995952940198383	6.758783712486604	11.278193975298512
	gen4ind1	502.24583344747015	0.37954086177640334	0.872807523204383	1.402430100351371	0.7882671691003746	4582.295756500875	2899.503141923371	0.9988474573404651	6.989336196097233	11.723591149662525
	gen9ind2	502.4250322971916	0.3634672060938098	0.7917891871543317	1.4101684163600101	0.7752557125277959	4552.780345303511	579.0392735016999	0.6667477561433675	6.886866214824996	11.385535616758364
	gen3ind14	502.48879343321744	0.35249666592058854	0.8043389482776315	1.4030258985713107	0.8001812064771334	4587.3925354572675	1318.1894003257435	0.6646907893791474	6.723912437004291	11.442945856525059
	gen5ind0	503.2337294815846	0.36851718349575824	0.84835205302272	1.402430100351371	0.7882671691003746	4582.295756500875	2037.620046756826	0.9988474573404651	6.989336196097233	11.694886029779177
	gen11ind6	504.3779107390602	0.3488451433492047	0.7922833021636668	1.4107780896862092	0.7786662923516686	4593.184705360518	467.4498199877054	0.32568338937288116	6.758847921550881	11.494646061120001
	gen11ind7	506.910061369475	0.3488451433492047	0.7971225744201553	1.4107780896862092	0.7786662923516686	4593.184705360518	467.4498199877054	0.32568338937288116	6.758847921550881	11.508998621061675
	gen9ind15	507.32687520596215	0.36506101478266173	0.8355792733281266	1.4104224558083602	0.8128053440975328	4583.101703435652	1952.223056365748	0.6579800466875042	6.95855099171604	11.62562897703641
	gen2ind5	507.50988605399095	0.35249666592058854	0.7969205690248088	1.40689635589767	0.7948123560701944	4600.856214464917	2929.2957613732788	0.5037084464339525	6.837590150965358	11.367244604309128
	gen7ind12	507.7812709959569	0.37254515367557556	0.816078619446194	1.4104224558083602	0.8024093976922972	4575.5916264021325	1692.576249052705	0.7899748130960658	6.81076790773436	11.519934856839061
	gen10ind16	508.12474511052744	0.35768016210966075	0.797796008674367	1.4107780896862092	0.7786662923516686	4581.28962319233	467.4498199877054	0.32568338937288116	6.7402045402766335	11.494646061120001
	gen11ind16	508.3331216493537	0.3473675923321208	0.8176783032435451	1.4104224558083602	0.7918810378098429	4599.736200714882	1851.0251299405174	0.5092591885228785	6.894541845078982	11.62562897703641
	gen6ind0	508.3731114958176	0.36506101478266173	0.79145711137473	1.4104224558083602	0.7803974261267074	4560.894499524702	1434.5156829666746	0.5665659013470601	6.9127146373053705	11.596923857153062
	gen8ind8	508.6316224804591	0.3488451433492047	0.797796008674367	1.4107780896862092	0.7786662923516686	4593.184705360518	467.4498199877054	0.32568338937288116	6.758847921550881	11.494646061120001
	gen6ind19	508.9285241181213	0.36046966288489246	0.8501463621381458	1.4380304323234006	0.8336049415517184	4623.114352753453	3470.57478989849	0.2289270464918522	6.785798953182955	11.113079999728296
	gen7ind8	510.5038444739925	0.36506101478266173	0.8097554431872312	1.4104224558083602	0.7602178243400775	4560.894499524702	606.6459850534835	0.8681131744037434	6.932655392824838	11.78762791199047
	gen10ind1	511.49022879073533	0.3488451433492047	0.797796008674367	1.4107780896862092	0.7786662923516686	4590.348702302609	467.4498199877054	0.2452683723053246	6.758847921550881	11.494646061120001
	gen5ind16	511.84810793298135	0.36601876384849596	0.829027964711534	1.4065984567877001	0.7948123560701944	4635.615889018156	2980.5811184561585	0.22524022406378086	6.90389275075167	11.424746005619866
	gen6ind10	512.2510028921187	0.35249666592058854	0.8085927318309327	1.4487356050144289	0.8129046991712262	4602.69697020585	1950.384647191948	0.11056435390012292	6.731567220309074	11.471650976408405
	gen4ind6	512.453163935602	0.35249666592058854	0.7969205690248088	1.40689635589767	0.8095626639554185	4625.4909587984685	2401.6594480197955	0.5266906882629914	6.7687078579590265	11.093719304213728
	gen11ind11	512.6066169276626	0.3608910706258775	0.7965817835163324	1.4104224558083602	0.7805165621731831	4596.4447616443185	1701.5434239370659	0.5092591885228785	6.894541845078982	11.62562897703641
	gen7ind7	515.7673676021243	0.36112302322271744	0.7917891871543317	1.407986761340033	0.7752557125277959	4565.646620046834	810.5656964582001	0.452114975040791	6.853449943489492	11.385535616758364
	gen10ind17	517.6828760949886	0.379543622508102	0.79145711137473	1.411703221867513	0.7823496551025095	4560.703162244341	1850.8194375626194	0.7899748130960658	6.987710335244308	11.673912857467062
	gen12ind11	518.6219352467202	0.35549891297847813	0.7974368286311622	1.422955120643271	0.7744322400693097	4604.089823062788	996.6939763760963	0.3050002667236046	6.95891875920454	11.809819373573117
	gen10ind15	519.7516250613809	0.35308490880668736	0.79145711137473	1.40897543189385	0.7796010740947297	4604.089823062788	1787.9457082481358	0.5493329314525317	6.995837754264535	11.561162464383594
	gen12ind17	519.9738594303863	0.36506101478266173	0.7987300301658311	1.4104224558083602	0.8211471002240152	4580.299658726411	75.74085300172582	0.7432502919271674	6.852532132078363	11.62562897703641
	gen6ind18	520.4078281846527	0.3634672060938098	0.7917891871543317	1.4101684163600101	0.7752557125277959	4568.3358104445215	810.5656964582001	0.8441613272997217	6.853449943489492	11.385535616758364
	gen8ind6	521.4587187003185	0.3488451433492047	0.7913531572318838	1.4107780896862092	0.7786662923516686	4566.538098230627	838.7192975149056	0.8443751565057178	6.758847921550881	11.60787878492344
	gen5ind13	523.8442464952228	0.36506101478266173	0.8319662793997556	1.4104224558083602	0.7778569828624808	4591.000287214497	1445.9444248405487	0.7432502919271674	6.979561897865755	11.596923857153062
	gen6ind2	525.5680935811948	0.35718503166277316	0.7912078314761823	1.4074377520730752	0.7925529783928544	4590.294509602874	1585.8734524315016	0.7936655961814589	6.830464716192853	11.135713338549213
	gen8ind5	526.8223406207496	0.3763561927126301	0.7976305362059553	1.4115955661264898	0.7752557125277959	4560.894499524702	1446.8787184679115	0.7936655961814589	6.879617519668639	11.385535616758364
	gen6ind3	527.284561114949	0.36506101478266173	0.82875756085915	1.4097464268172275	0.7778569828624808	4591.000287214497	1445.9444248405487	0.7432502919271674	6.968551907068398	11.519442606676616
	gen7ind11	527.4845641557652	0.36506101478266173	0.79145711137473	1.4104224558083602	0.7713512545761915	4612.902872002585	1348.113398655605	0.7432502919271674	6.972026507532076	11.514457392953872
	gen11ind13	527.8858985131963	0.379543622508102	0.8067689250568933	1.4145167599996875	0.7702318895835749	4557.9011175351	1851.0251299405174	0.6760073421858227	6.993646283481445	11.579043160768329
	gen12ind2	530.4128851736039	0.3473909772617496	0.79145711137473	1.4221760219594222	0.7901757478979066	4597.168168244483	996.6939763760963	0.5591467208207839	6.995837754264535	11.703587016516412
	gen8ind0	532.9468922435032	0.36250047214397163	0.8097554431872312	1.4104224558083602	0.7602178243400775	4554.048362717361	1416.1254106995282	0.9503374487303473	6.899239121489334	11.78762791199047
	gen9ind0	536.8666502474672	0.36506101478266173	0.8092212179202063	1.4104224558083602	0.7602178243400775	4561.253544753353	1399.244796046245	0.7667685236515034	6.899239121489334	11.78762791199047
	gen5ind18	541.8232297314098	0.34445983807929176	0.811916436194093	1.4070220762998051	0.788306627783905	4590.1555859768305	1559.0921895344559	0.16995952940198383	6.837590150965358	11.198216837857048
	gen9ind17	545.0450814369501	0.3378303628770009	0.8072228262534918	1.4130867644303615	0.7638492214741261	4571.587043591475	1016.4879773194499	0.8191675043785722	6.812591124934847	11.699220345179114
	gen6ind4	545.6310239633626	0.365864527072326	0.8085927318309327	1.472590248856834	0.8141399484392988	4599.794257842205	3957.8148346047833	0.13649073170168902	6.751070942811946	11.442945856525059
	gen10ind18	548.1353512541697	0.3468765487911166	0.8000768986742544	1.4104224558083602	0.7698855954460158	4602.436503406825	1701.5434239370659	0.9936142885810743	6.944850375508759	11.596923857153062
	gen4ind13	550.1849941859357	0.30636232569746047	0.809211816148838	1.4392030518667642	0.8148099798426229	4562.57335368792	3355.1072397843786	0.35992145835752304	6.771110842823427	11.371423070986124
	gen5ind9	551.0327392742606	0.35249666592058854	0.8085927318309327	1.4739798527312067	0.8129046991712262	4591.6801036210145	3957.8148346047833	0.009572891663597483	6.785798953182955	11.442945856525059
	gen2ind8	551.5683045665376	0.3135050683073804	0.8085927318309327	1.422794360559956	0.7917147335662622	4619.167372264231	3702.163613023906	0.35992145835752304	6.8500704295897314	11.371423070986124
	gen8ind9	551.6464406895868	0.3473909772617496	0.8129983588069332	1.4201288698637584	0.7713512545761915	4604.089823062788	1541.8338405993488	0.6970466189825353	6.995837754264535	11.561162464383594
	gen4ind12	558.9885892145285	0.36329897174532577	0.8146566617148286	1.546771948630662	0.8405404100503933	4664.862258179011	188.94618101558	0.3849831523871492	6.700581994926258	11.016567127700217
	gen4ind18	559.1477519149398	0.3707702512365775	0.8484845099565657	1.4380304323234006	0.8107332480927583	4623.114352753453	3470.57478989849	0.2289270464918522	6.785798953182955	11.323915527618002
	gen3ind9	559.9648441214224	0.35249666592058854	0.8004308777573298	1.4006723800472138	0.8469433736638028	4572.162741859874	2828.270758056164	0.056109065911263356	6.725040193527244	11.365956856211056
	gen4ind0	560.732570421217	0.35249666592058854	0.8085927318309327	1.4030258985713107	0.7703995178281289	4594.021269449919	2929.2957613732788	0.26925813913575314	6.837590150965358	11.522187266377067
	gen6ind17	565.4895338384256	0.3164919187467288	0.8085927318309327	1.4739798527312067	0.8129046991712262	4591.6801036210145	3957.8148346047833	0.009572891663597483	6.785798953182955	11.442945856525059
	gen9ind8	565.9657424156007	0.36506101478266173	0.79145711137473	1.4169342725590592	0.7512783416234348	4577.497614017169	1802.7413503622965	0.8285205371668306	6.95855099171604	11.670384721024003
	gen3ind8	569.7510644468463	0.34874193269378817	0.7952109199324913	1.4140782704363144	0.8415664920271474	4571.587043591475	1561.8149344873805	0.24009221491055066	6.706409705563923	11.442945856525059
	gen10ind8	572.9691529945538	0.36506101478266173	0.79145711137473	1.4171248021453218	0.7503204098460061	4596.47235667195	1028.2336872222872	0.7432502919271674	6.934334413254739	11.596923857153062
	gen4ind11	573.682217387674	0.34286190524850246	0.8103885121975001	1.4540964759748363	0.7770767630490822	4562.416571767321	515.4150224720418	0.6646907893791474	6.781391067873809	11.442945856525059
	gen1ind14	574.5926209559736	0.3262683097891084	0.8213274081275816	1.502614092742521	0.8046691901603531	4556.990104050237	1021.9099555201118	0.15519639706041133	6.834821780192165	11.874153931428621
	gen6ind1	576.1852165112775	0.37134318921369835	0.8233984691716543	1.4104224558083602	0.7570802605649635	4585.3100647671945	1445.9444248405487	0.7432502919271674	6.934062082867702	11.673912857467062
	gen8ind1	579.2353867503081	0.35888802112257484	0.8115374294801321	1.4104224558083602	0.7551959699380082	4560.894499524702	710.249229347628	0.7936655961814589	6.865561975260823	11.385535616758364
	gen5ind12	585.5676336674943	0.3135050683073804	0.8085927318309327	1.469132096887869	0.8234465570669177	4654.570321034609	3282.607376197233	0.35992145835752304	6.830970132680131	11.371423070986124
	gen4ind17	587.5138200333342	0.35249666592058854	0.8004308777573298	1.4006723800472138	0.8469433736638028	4591.211953530474	3370.00578190319	0.1636162167464199	6.747437904004611	11.365956856211056
	gen10ind14	588.4940155705872	0.34448932512021246	0.7987300301658311	1.4141207344268851	0.7901757478979066	4594.006066918591	1583.5114132213484	0.9465906173862729	6.984982367847515	11.716970537292084
	gen4ind5	622.7473830883622	0.3193850957526661	0.8362462048443446	1.422794360559956	0.7917147335662622	4619.167372264231	3702.163613023906	0.35992145835752304	6.750741866308194	11.103730015834715
	gen5ind8	625.5557865416474	0.3311703372172898	0.8085927318309327	1.4299883370395532	0.7756631387410499	4619.694519681046	2929.2957613732788	0.3706006382216672	6.829044603353394	11.287983355572166
	gen2ind3	649.121544879788	0.35249666592058854	0.7918630675292284	1.4030258985713107	0.8469433736638028	4571.587043591475	2828.270758056164	0.20717405476687928	6.76509616196145	11.442945856525059
	gen4ind7	674.6336258275753	0.3646588677969108	0.8467640574015538	1.546771948630662	0.8405404100503933	4633.222469308077	2545.873044029764	0.3439655181105842	6.7431904740546065	11.252241801687653
	gen4ind9	683.4970564565522	0.3280217314040142	0.8467640574015538	1.546771948630662	0.8450634958256512	4623.134682693371	1646.990337151531	0.16132423888998437	6.700581994926258	11.061537746850245
	gen5ind14	683.5618263263202	0.38406099317010395	0.8467640574015538	1.5432838497988675	0.8405404100503933	4669.041953617745	1206.0380514597289	0.36822052241564307	6.700581994926258	11.061537746850245
	gen1ind3	684.8678151882457	0.31016774305009986	0.8903738418440197	1.449959379785651	0.7742021811188431	4659.959914282892	1659.6573125657983	0.8888681703552095	6.933770101517706	11.725952661873013
	gen1ind7	690.9522567762116	0.37682106967323314	0.8467640574015538	1.546771948630662	0.8405404100503933	4651.093926108078	1206.0380514597289	0.3439655181105842	6.700581994926258	11.061537746850245
	gen3ind17	692.2986882755932	0.37676666682301485	0.8620449098357919	1.546771948630662	0.8405404100503933	4651.093926108078	1206.0380514597289	0.4607279126241377	6.769333468793654	11.061537746850245
	gen4ind4	693.4364334611646	0.37682106967323314	0.8467640574015538	1.547280027527362	0.8405404100503933	4658.341325129659	1206.0380514597289	0.3439655181105842	6.700581994926258	11.061537746850245
	gen0ind18	693.5114567730363	0.37682106967323314	0.8467640574015538	1.546771948630662	0.8405404100503933	4664.862258179011	1206.0380514597289	0.3439655181105842	6.700581994926258	11.061537746850245
	gen3ind4	706.0174469085337	0.3280217314040142	0.8467640574015538	1.546771948630662	0.8405404100503933	4632.837262294226	1646.990337151531	0.16132423888998437	6.700581994926258	11.061537746850245
	gen3ind12	718.3016421052889	0.37682106967323314	0.8721584108821423	1.5030022585166471	0.8282797617572247	4601.134516406497	1804.2514480527188	0.0668164858586443	6.700581994926258	11.061537746850245
	gen1ind2	745.8442392009428	0.3922314539302703	0.8561499960548814	1.5246672049006544	0.8175601414322937	4679.917873175588	3738.9496985972964	0.2781291978232414	6.843593729977004	11.261966738688802
	gen2ind13	757.808239936828	0.3843305361268339	0.8609120323249929	1.5246672049006544	0.8175601414322937	4679.917873175588	3738.9496985972964	0.2781291978232414	6.843593729977004	11.261966738688802
	gen2ind1	801.6417116368301	0.3922314539302703	0.8760399737168711	1.5246672049006544	0.8007528811110813	4685.350779012497	3522.3835045352184	0.656566967549504	6.882959367059852	11.469139182026417
	gen3ind19	848.989546497113	0.3890438365525664	0.8767041252760747	1.4748731078150494	0.7904694539132584	4696.090967572953	3689.0937950232174	0.6639485337202903	6.81560507460283	11.04636270123702
	gen3ind18	877.1073620613738	0.3922314539302703	0.8760399737168711	1.5246672049006544	0.8007528811110813	4685.350779012497	3503.2931264038093	0.07723930116042532	6.911734101986516	11.408803246343437
	gen3ind2	913.8059335909006	0.3978419853816936	0.8830714634243991	1.5246672049006544	0.7949574375964781	4680.8897518694375	3641.491832076401	0.6491854013787178	6.87353275944294	11.261966738688802
	gen18ind5	914.3045530308638	0.34689587796179944	0.8243812565032345	1.41514475981995	0.7520852073599725	4568.295739030271	8.718967453570192	1.0421737810477194	6.892189502028929	11.661394586751168
	gen11ind14	917.7145949267523	0.37313403984904103	0.8121750793154755	1.4104224558083602	0.7543202789374518	4552.821948065748	75.74085300172582	1.0673330004324917	6.931243694807863	11.78762791199047
	gen7ind1	921.3067529556625	0.36506101478266173	0.8098074202586543	1.4102446388694356	0.7565603054523389	4565.25080709217	75.74085300172582	1.0957981925705373	6.899239121489334	11.78762791199047
	gen18ind19	921.6832156412873	0.37252643003987557	0.7994475157440186	1.4149680130774087	0.764681474982168	4626.146484669824	5.10842411375139	1.1120823228110552	6.922078036067638	11.694031268208779
	gen19ind5	926.3055387649645	0.3480603127295214	0.7920077994222947	1.4179326251044522	0.7548266737424051	4597.063294392954	5.10842411375139	1.0700348780196247	6.972157672416936	11.653317739550895
	gen18ind12	929.2703314675105	0.34258840595975193	0.7957167733807976	1.4212596049106363	0.753965581818013	4579.331519853627	12.661431309344053	1.081683533817708	6.972157672416936	11.707444374748377
	gen10ind6	930.6742878326139	0.35771262571440954	0.8210822381378035	1.4145167599996875	0.7597200589028833	4554.603506774995	75.74085300172582	1.1799007402893067	6.993646283481445	11.747373721338004
	gen19ind3	930.7605165529204	0.34258840595975193	0.7921797580392903	1.4179326251044522	0.7537619818605568	4586.433067908714	5.10842411375139	1.1537006529562954	6.969178044799174	11.62780937191895
	gen13ind7	932.3231622356884	0.3629528714142928	0.79145711137473	1.415322370941842	0.7640691802033643	4615.984905230976	44.20114215553494	1.0359889870887726	6.995837754264535	11.65250402463927
	gen12ind5	935.3048498241657	0.36871653046881303	0.79145711137473	1.4119244896675784	0.7713512545761915	4565.697826265867	75.74085300172582	1.014394854310636	6.95855099171604	11.596923857153062
	gen2ind7	938.3409634241825	0.38815093827651614	0.8221139624936685	1.4256343940824445	0.7541319976982348	4613.796451154289	113.92160926454385	1.425519455131075	6.975234767070278	11.73842725982704
	gen15ind5	939.1467723765393	0.3289026087876217	0.7920077994222947	1.4186259117137574	0.7517692861514709	4586.775508690493	20.878279536846833	1.0734733494626223	6.979543011195464	11.575070012396939
	gen13ind5	939.3974872618035	0.3629528714142928	0.79145711137473	1.415322370941842	0.7740096877992875	4615.984905230976	12.661431309344053	1.0359889870887726	6.995837754264535	11.707115152959474
	gen16ind3	941.9009507627028	0.35570684006297526	0.7948348679605182	1.4128724133751012	0.7791042200187972	4596.4447616443185	16.769855423095443	1.0166316713437986	6.893197813894894	11.62671917447768
	gen6ind8	953.2336874781093	0.3634672060938098	0.7917891871543317	1.4121226455626377	0.7752557125277959	4560.894499524702	102.52211589877169	1.0803109774440507	6.9365478487110215	11.58488912640637
	gen2ind9	953.9579182227453	0.3978419853816936	0.8830714634243991	1.5246672049006544	0.7927134457548682	4696.090967572953	3641.491832076401	0.656566967549504	6.81560507460283	11.261966738688802
	gen17ind14	956.9231581263728	0.34297335142732954	0.7920077994222947	1.4179326251044522	0.7692248573923248	4585.692827450621	5.10842411375139	1.3385661627460017	6.971874666752562	11.676980345282878
	gen0ind9	967.4600104776213	0.3922314539302703	0.8947436262305231	1.5246672049006544	0.7941878378907651	4690.784883848267	3522.3835045352184	0.656566967549504	6.843593729977004	11.261966738688802
	gen7ind14	974.4867280547228	0.3634672060938098	0.7954837316367696	1.4101684163600101	0.7752557125277959	4560.894499524702	744.0104586541943	1.1055186295711965	6.970816116981521	11.356830496875016
	gen1ind13	976.4735886140354	0.3872460539049219	0.872807523204383	1.434533699339231	0.7916322311542369	4564.218766067979	3574.214333951318	1.6278568703974505	6.956592106405552	11.22151116862175
	gen0ind16	976.8997681064261	0.3872460539049219	0.872807523204383	1.434533699339231	0.7789087384601441	4551.586725797813	3984.5683880802458	1.6278568703974505	6.975354736978021	11.532887094825117
	gen8ind18	981.779246068134	0.34003690508963524	0.8097554431872312	1.4142985513658095	0.7602178243400775	4560.815807734585	1474.0592140394285	1.1252125820514072	6.8878588001617285	11.78762791199047
	gen2ind15	982.0994117583672	0.37954086177640334	0.872807523204383	1.434533699339231	0.7966557306385524	4551.586725797813	3984.5683880802458	1.6278568703974505	6.975354736978021	11.532887094825117
	gen3ind10	998.9735908953897	0.3148649643589655	0.8085927318309327	1.422794360559956	0.7697723938603418	4562.529606073632	2908.5712186658357	1.0018671345009562	6.987456800615613	11.60709774497356
	gen4ind8	1006.2355830888815	0.3978144470923923	0.872807523204383	1.468522075297921	0.7944842795600844	4551.586725797813	3984.5683880802458	1.6278568703974505	6.975354736978021	11.41385676591806
	gen3ind11	1020.6182016439855	0.37197554612064443	0.8524044652183904	1.4682492543404304	0.8296818222475818	4655.579312963587	1653.8510966070326	1.2675917177775684	6.75783603494453	11.061537746850245
	gen4ind3	1047.2639209971412	0.367378659900081	0.8515949686424219	1.434533699339231	0.7966557306385524	4551.586725797813	3984.5683880802458	1.6278568703974505	6.987019958017037	11.723591149662525
	gen1ind16	1071.4388576954402	0.3682835442716752	0.8168522134555238	1.4104224558083602	0.7803974261267074	4560.894499524702	674.0778194070914	1.7053264268004633	6.846495884536431	11.80808528743715
	gen3ind15	1074.5284210541515	0.37682106967323314	0.8524044652183904	1.5143321649145423	0.8296818222475818	4668.430041893471	1653.8510966070326	1.2675917177775684	6.75783603494453	11.061537746850245
	gen1ind0	1074.5284210541515	0.37682106967323314	0.8524044652183904	1.5143321649145423	0.8296818222475818	4668.430041893471	1653.8510966070326	1.2675917177775684	6.75783603494453	11.061537746850245
	gen3ind13	1094.9009892166937	0.37682106967323314	0.8524044652183904	1.5143321649145423	0.8296818222475818	4668.430041893471	1653.8510966070326	1.5182770030221149	6.75783603494453	11.061537746850245
	gen1ind15	1098.7206613480935	0.3133079781734357	0.8699717383264646	1.4535181659755492	0.7586556889906351	4644.458221376554	1570.328201655362	1.860660501111715	6.869983869142977	11.793498742482537
	gen2ind4	1105.1847281286437	0.38815093827651614	0.79145711137473	1.4325013837524307	0.7803974261267074	4670.389509713184	113.92160926454385	1.9486301458742232	6.841689651636006	11.717595728519022
	gen0ind13	1125.9983834934765	0.33519313493978015	0.8896967328727158	1.5170888473654158	0.8217146772293342	4629.688749587193	3367.10121551317	1.310632808649537	6.767268452835281	11.003742726762791
	gen3ind7	1133.6875737653265	0.38994140989176596	0.8674721634887698	1.5394049474912146	0.8007528811110813	4685.350779012497	2708.514408642168	1.4991777546167255	6.944320987621882	11.469139182026417
	gen1ind8	1143.4834991735188	0.38815093827651614	0.79145711137473	1.4104224558083602	0.7803974261267074	4623.337598684264	113.92160926454385	1.9486301458742232	6.908809544268959	11.717595728519022
	gen2ind6	1145.8353170902421	0.34643334996985936	0.8359380912475464	1.4943066109868863	0.7789087384601441	4572.821053489606	3984.5683880802458	1.8771430169703012	6.955897548827918	11.469666215549388
	gen2ind18	1172.744422320956	0.3880421325760796	0.7901971738697249	1.5005252244836664	0.8267330379757881	4637.260348416916	3326.1004233837944	1.3997467078336814	6.71648635036936	11.58600215659224
	gen0ind8	1182.4883029827993	0.3724669285190167	0.8334295700315694	1.5965905276112404	0.8351026379114809	4683.742459712408	3704.0248885305095	1.011456521697076	6.991288658504746	11.233125868912314
	gen0ind14	1263.9240885019576	0.3262683097891084	0.8397322902974466	1.502614092742521	0.8046691901603531	4589.258810742441	1021.9099555201118	1.9310993951701847	6.791142361943982	11.637649213310599
	gen1ind4	1267.5135986778857	0.3880421325760796	0.8290601396061426	1.5220730795672608	0.8267330379757881	4679.042209342842	3326.1004233837944	1.9350895518415059	6.701858724196182	11.684289599256978
	gen0ind3	1460.029620150899	0.30109923420724877	0.8653921201635021	1.449959379785651	0.7677967169583467	4659.959914282892	1659.6573125657983	2.1219876365170993	6.933770101517706	11.725952661873013
	gen1ind11	1471.0250683068439	0.3010778363698594	0.8587248764785098	1.449959379785651	0.7677967169583467	4659.959914282892	2908.6507311011887	2.1219876365170993	6.933770101517706	11.811746722904047
	gen2ind17	1480.0078460433951	0.3010778363698594	0.8587248764785098	1.449959379785651	0.7677967169583467	4646.998601448264	1750.4780045634438	2.1219876365170993	6.933770101517706	11.811746722904047
	gen2ind14	1493.5352083430153	0.39336343039236055	0.79145711137473	1.4104224558083602	0.7504184096684172	4623.337598684264	113.92160926454385	2.5905758220176565	6.908809544268959	11.717595728519022
	gen2ind10	1630.4734034629037	0.3880421325760796	0.8220188162432059	1.5220730795672608	0.8211770272248895	4679.042209342842	2788.141594894266	2.1821549349013303	6.701858724196182	11.684289599256978
	gen1ind5	1631.534490232997	0.30562064603479683	0.7990686592907097	1.5540795226345416	0.7732470915665975	4606.687421451565	1192.0058355829747	2.126429163543152	6.917677730105347	11.095069410070291
	gen0ind19	1670.650062843466	0.3986765129082973	0.8381249765700156	1.5357251299407944	0.8150934246622077	4696.473241910598	2026.746159717584	2.487270194958299	6.738107256071198	11.684289599256978
	gen3ind16	1698.9034910884618	0.3986765129082973	0.8381249765700156	1.5456093609351171	0.8150934246622077	4679.736593753025	2463.692587201455	2.5636438967536206	6.738107256071198	11.64852820648751
	gen0ind10	1730.8969655330156	0.31678812980251814	0.8002920763732982	1.4545673429451784	0.7546666305177142	4670.828123954432	2791.937261200493	2.7353252011948808	6.85503882735201	11.397401836228815
	gen3ind6	1791.835909629898	0.39968685984716157	0.79145711137473	1.4881545169240464	0.7951477340119315	4689.091737068714	241.52219309237756	2.4974462400620157	6.841689651636006	11.717595728519022
	gen2ind0	1874.1135798367802	0.38130181891613063	0.8381249765700156	1.5357251299407944	0.8257296586707024	4696.473241910598	1214.831316337899	2.487270194958299	6.780705591875604	11.684289599256978
	gen0ind17	2144.746424117867	0.3403856972231128	0.8845001977612164	1.5617801708082504	0.8311349866388716	4613.732454161038	421.38859059214684	2.8704703328112724	6.950987665917657	11.450227035467002
	gen0ind15	2170.1346754895767	0.30562064603479683	0.8146384385239667	1.5540795226345416	0.7732470915665975	4606.687421451565	727.7684897470566	3.0069990964272524	6.917677730105347	11.19242108846306
	gen0ind7	2188.174946899117	0.3133079781734357	0.8699717383264646	1.4279120911640737	0.75963480870585	4644.458221376554	1570.328201655362	3.327401647318773	6.869983869142977	11.793498742482537
	gen1ind6	2193.4818669513033	0.3426945163464862	0.8242455515617575	1.4462996100676233	0.8089037489083416	4600.819160812917	2904.6075133427184	2.397249045628415	6.806472027115574	11.941911907351654
	gen3ind1	2314.1129869796423	0.37463493243935253	0.8220188162432059	1.5269265911634982	0.8155183735051121	4695.346721932681	2788.141594894266	2.9765092786596803	6.702331664780681	11.684289599256978
	gen2ind19	2390.511966989987	0.3830687063089542	0.8590165920456566	1.4613994335122684	0.7961460773211949	4577.48862403806	3178.8964816233965	3.1711082313129273	6.9328417970465965	11.830021417649897
	gen1ind12	2394.291550085775	0.3133079781734357	0.8699717383264646	1.4004333397329183	0.7664158963634619	4622.917764976284	1053.3593912562642	3.327401647318773	6.869983869142977	11.793498742482537
	gen1ind10	2700.222698600094	0.3174786633301573	0.8177897986569053	1.507091305200182	0.7732470915665975	4606.687421451565	615.2889767581422	3.4668205331638067	6.917677730105347	11.394682760662203
	gen0ind1	2932.640580659607	0.3830687063089542	0.8590165920456566	1.4734550552777037	0.7961460773211949	4579.150757309699	3178.8964816233965	3.5900492599636196	6.961518289504705	11.830021417649897
	gen0ind5	3033.129451077	0.3235629851956591	0.8784159172390424	1.5819684147976552	0.7621591418252844	4622.5531821582745	2471.4751252185624	4.533747280425842	6.884104512576856	11.30167071100543
	gen1ind9	3376.5356162128114	0.3262683097891084	0.8326966706894146	1.502614092742521	0.779930132345203	4565.22819386045	1021.9099555201118	3.865987647925098	6.707582072798362	11.997540671880692
	gen2ind11	3892.940404517997	0.3765885405011178	0.8590165920456566	1.4489070918942177	0.7731393267363359	4579.150757309699	3178.8964816233965	4.442781311989272	6.979099333980111	11.830021417649897
	gen0ind4	4505.7609438554455	0.3577270894544774	0.8012286568877591	1.469943941096663	0.8089037489083416	4600.819160812917	2904.6075133427184	3.7768717409733163	6.751671016463474	11.941911907351654
	gen1ind1	4735.874728918293	0.30562064603479683	0.8146384385239667	1.5174210759580626	0.7732470915665975	4606.687421451565	1714.1977048288904	4.63004096735377	6.951854122605429	11.19242108846306
	gen1ind19	5221.804830637955	0.3577270894544774	0.8012286568877591	1.5469721029134538	0.8101659154680588	4600.819160812917	2904.6075133427184	4.380044557526851	6.758731338180414	11.6959978916131
	gen0ind11	5243.260602447457	0.36138810291595436	0.8505290435173711	1.5760027959573293	0.8476409818244997	4585.03342998859	2230.9163362845406	4.095364357953974	6.789075835302964	11.896377508044466
	gen0ind2	5439.074529361448	0.34698116651621114	0.8282668757144597	1.4807676270784835	0.8286555999774314	4653.392329110057	992.8085389193889	4.341780809315613	6.811880284992967	11.123914420917018
	gen0ind0	5681.59545454052	0.33116438042323115	0.8193583308155052	1.4972480418437302	0.7856245222811807	4635.681225948428	305.8989860102981	4.881233027206902	6.824168080213506	11.962746098529733
	gen1ind18	6281.5306723135545	0.3383307369577008	0.8012286568877591	1.469943941096663	0.8210396309251644	4615.001316421787	2904.6075133427184	4.3474340320103755	6.702377363309202	11.941911907351654
