#	Simulation	Obj	b0__FREE	b1__FREE	b2__FREE	gamma__FREE	mult__FREE	r__FREE	t0__FREE	t1__FREE	t2__FREE
	gen19ind1	372.20819095021034	0.3841522966764578	0.8416756887741748	1.4972015792240538	0.8229493158404473	4598.073822452287	3.3300120026266526	0.14953416540921755	6.833978745602884	11.841020876211633
	gen18ind15	376.579427300841	0.38605729979179776	0.8292928855564046	1.4902446696581149	0.8227263538162163	4612.455041876496	1.8455572931143251	0.01367305182989162	6.970827405594651	11.966809704286522
	gen19ind17	377.8814780601953	0.3841522966764578	0.8288722410523336	1.5253971836655578	0.8220686405509112	4596.788473243449	3.3300120026266526	0.09402064667406108	6.9311323596000065	11.908264367369256
	gen17ind11	378.48165402203693	0.3841522966764578	0.8288722410523336	1.5253971836655578	0.8220686405509112	4598.073822452287	3.3300120026266526	0.14018144917711137	6.9311323596000065	11.841020876211633
	gen19ind7	378.9332402838033	0.3841522966764578	0.8288722410523336	1.5253971836655578	0.8220686405509112	4598.073822452287	3.3300120026266526	0.14525203651614585	6.976148217951197	11.865478539227805
	gen17ind13	379.55854895615363	0.38605729979179776	0.8292928855564046	1.4902446696581149	0.8236245230609995	4612.455041876496	1.8455572931143251	0.15526857983103676	6.909432536654081	11.885709577892143
	gen19ind13	379.9535791665798	0.38605729979179776	0.8292928855564046	1.4902446696581149	0.8257193546692037	4633.438626933121	1.8455572931143251	0.15526857983103676	6.909432536654081	11.885709577892143
	gen19ind4	383.53132005965375	0.38092132350955865	0.8238186126309655	1.4902446696581149	0.8226784109522165	4562.363797260878	2.6637470344955325	0.24759018483713732	6.981008305088739	11.807929690128631
	gen18ind12	385.2773810975442	0.38605729979179776	0.8193685892933378	1.4902446696581149	0.8255167472785656	4629.054208720228	14.542102007300429	0.03861808003421592	6.927090152937211	11.919936962471644
	gen19ind11	389.1366505464946	0.38390331768053165	0.8416566895754969	1.4902446696581149	0.8230219343254456	4628.806508622894	14.564562916479687	0.24759018483713732	6.872975930524829	11.68630285523205
	gen18ind7	390.23848287574214	0.38390331768053165	0.8296307565106783	1.4902446696581149	0.8226784109522165	4590.126990028572	12.4151940474231	0.24759018483713732	6.938196558707096	11.751222595576897
	gen19ind2	390.39949816719826	0.38986730602247766	0.854479136496016	1.4205716902292003	0.8248100992911753	4657.100725703713	45.511745083120026	0.17397401229524914	6.708438110432795	11.616391586537368
	gen15ind19	391.4015734186631	0.38390331768053165	0.8289997897545719	1.4902446696581149	0.8233752583191407	4615.025740294172	12.4151940474231	0.24759018483713732	6.970129544521951	11.751222595576897
	gen19ind3	391.5677203066154	0.38390331768053165	0.8289997897545719	1.4902446696581149	0.8233752583191407	4585.853348268973	12.4151940474231	0.24759018483713732	6.970129544521951	11.751222595576897
	gen18ind19	391.961360999038	0.3883168824369813	0.8411247727236117	1.4069918656263323	0.8275649215355488	4656.992910407421	22.289064080751032	0.4902439006628852	6.704837947981934	11.52371508972871
	gen17ind6	392.2984255975357	0.3892693839946513	0.8413445945749862	1.4069918656263323	0.8275649215355488	4656.992910407421	22.289064080751032	0.4902439006628852	6.733285068013894	11.501370738888458
	gen19ind16	392.64793587846816	0.3876633418932245	0.8193685892933378	1.4902446696581149	0.8279360311382319	4629.054208720228	24.763855401118782	0.03861808003421592	6.808318984146832	11.919936962471644
	gen19ind8	393.80878642243147	0.38178008932581464	0.8193685892933378	1.4902446696581149	0.8255167472785656	4615.273440391506	14.542102007300429	0.03861808003421592	6.962836446111659	11.919936962471644
	gen17ind3	394.085033679654	0.38390331768053165	0.8288532418536556	1.4902446696581149	0.8233752583191407	4615.025740294172	14.564562916479687	0.24759018483713732	6.970129544521951	11.751222595576897
	gen18ind13	396.13185575300986	0.38796230290713773	0.8282860494486683	1.4170932354462307	0.8287801413507541	4677.422795442262	45.511745083120026	0.19986614471002823	6.772653352765867	11.593664783698113
	gen19ind0	396.6370656125704	0.38390331768053165	0.8161963420327307	1.4902446696581149	0.8237285823128359	4615.025740294172	12.4151940474231	0.23823746860503114	6.970129544521951	11.751222595576897
	gen17ind5	396.8647637273224	0.38986730602247766	0.854918780198765	1.419939641643229	0.8248100992911753	4656.615745377674	68.73442608548902	0.10348431500147859	6.895467994411216	11.66649269384143
	gen18ind8	396.999473319902	0.38986730602247766	0.8406240775139975	1.4631732298464937	0.8260549662221516	4670.55212582956	38.573076211260364	0.1451274051529678	6.808539272113623	11.637808406473427
	gen18ind10	397.3932089362302	0.3879741676996412	0.8285506464524839	1.4212037388151715	0.8274016667320301	4657.585706029752	22.289064080751032	0.4347303819277287	6.733285068013894	11.566290479233306
	gen18ind14	397.4972952155883	0.37289790397148626	0.8287780496298659	1.5212866802966172	0.8247444959174908	4636.333642983032	24.067121989629676	0.04424154236072381	6.910397060110462	11.911353022180034
	gen17ind14	397.69213908325753	0.38796230290713773	0.8282860494486683	1.4240501450121696	0.8287801413507541	4677.422795442262	45.511745083120026	0.2257582771248073	6.772653352765867	11.593664783698113
	gen19ind5	397.8030977159456	0.38892073686105944	0.854479136496016	1.4205716902292003	0.8261058830116027	4656.615745377674	68.73442608548902	0.17397401229524914	6.772653352765867	11.66649269384143
	gen15ind4	398.0728387595241	0.38986730602247766	0.854479136496016	1.419939641643229	0.8248100992911753	4656.615745377674	68.73442608548902	0.17397401229524914	6.772653352765867	11.66649269384143
	gen14ind14	398.5879754727093	0.38605729979179776	0.8288722410523336	1.4902446696581149	0.8233752583191407	4629.054208720228	22.024800693411905	0.15526857983103676	6.970129544521951	11.796332174531125
	gen17ind0	398.84485094867154	0.3813128850905115	0.8288722410523336	1.476330850526237	0.8230487487121031	4616.211331538834	22.844341243379972	0.15526857983103676	6.9669605807601105	11.796332174531125
	gen19ind14	398.98873526792136	0.37289790397148626	0.822481486894963	1.5212866802966172	0.8244481018599468	4625.293467107738	24.067121989629676	0.04424154236072381	6.910397060110462	11.966157243192711
	gen14ind9	399.25646642253355	0.3892693839946513	0.828541146853145	1.4281606483811105	0.8275649215355488	4656.992910407421	22.289064080751032	0.480891184430779	6.733285068013894	11.566290479233306
	gen17ind4	399.3679261436832	0.3867043628882868	0.8284705957469407	1.419939641643229	0.825018217794848	4631.272156139752	68.73442608548902	0.1451274051529678	6.726084743112175	11.764535747653618
	gen19ind19	399.7161045219466	0.3917723091378176	0.8233262218759276	1.419939641643229	0.825018217794848	4662.252542407694	64.64807760224578	0.1451274051529678	6.703247227822565	11.67937976177935
	gen15ind11	399.73538247319635	0.3908198075801476	0.8375983781543066	1.419939641643229	0.8249141585430116	4640.187123887704	68.73442608548902	0.22068768978577283	6.749369047939021	11.61470386932329
	gen13ind1	399.76191156362415	0.38605729979179776	0.8288722410523336	1.4902446696581149	0.8255167472785656	4629.054208720228	22.024800693411905	0.15526857983103676	6.970129544521951	11.796332174531125
	gen17ind8	400.31265466045124	0.38986730602247766	0.830381421796822	1.419939641643229	0.825018217794848	4662.252542407694	68.73442608548902	0.1451274051529678	6.772653352765867	11.662266069489599
	gen13ind3	400.4166637741802	0.38986730602247766	0.8280309520441917	1.419939641643229	0.825018217794848	4662.252542407694	68.73442608548902	0.1451274051529678	6.772653352765867	11.747416848498784
	gen15ind1	400.57828777401886	0.3936773122531575	0.8276103075401209	1.419939641643229	0.8247689530529891	4662.252542407694	68.73442608548902	0.1400568178139333	6.726084743112175	11.61757736780909
	gen14ind18	400.75043642815	0.3917723091378176	0.8280309520441917	1.419939641643229	0.825018217794848	4662.252542407694	68.73442608548902	0.1451274051529678	6.726084743112175	11.61757736780909
	gen19ind10	400.9768642898306	0.3813128850905115	0.8288722410523336	1.4898665704320475	0.8230760332978541	4606.502548859463	22.844341243379972	0.15526857983103676	6.988023560888699	11.796332174531125
	gen16ind15	401.3402194285387	0.38605729979179776	0.8335731805575939	1.4902446696581149	0.8243455343798926	4629.054208720228	22.024800693411905	0.2660737131107271	6.970129544521951	11.626030616512756
	gen18ind9	401.3415958597798	0.38605729979179776	0.8335731805575939	1.4902446696581149	0.8243455343798926	4636.068442933257	22.024800693411905	0.2660737131107271	6.970129544521951	11.626030616512756
	gen18ind1	401.50285055690955	0.38605729979179776	0.8335731805575939	1.4902446696581149	0.8243455343798926	4629.054208720228	22.024800693411905	0.2660737131107271	6.970129544521951	11.6036862656725
	gen16ind19	401.5391556866294	0.3917723091378176	0.82815850074643	1.419939641643229	0.8253212936044465	4645.241506983348	68.73442608548902	0.23744901015906836	6.706400600736188	11.632396000849875
	gen15ind5	401.95571895606327	0.38677619923181616	0.8280309520441917	1.419939641643229	0.825018217794848	4662.252542407694	68.73442608548902	0.10988255650608252	6.844514464591274	11.747416848498784
	gen17ind19	403.7606722272783	0.38677619923181616	0.8277849519535929	1.4085042625306012	0.825018217794848	4686.610644545945	78.13116528495988	0.10988255650608252	6.844514464591274	11.747416848498784
	gen9ind4	403.93099233380605	0.3813128850905115	0.8288722410523336	1.4902446696581149	0.8255167472785656	4629.054208720228	24.99371011243656	0.15526857983103676	6.9669605807601105	11.796332174531125
	gen14ind17	403.93099233380605	0.3813128850905115	0.8288722410523336	1.4902446696581149	0.8255167472785656	4629.054208720228	24.99371011243656	0.15526857983103676	6.9669605807601105	11.796332174531125
	gen19ind6	404.58090748268273	0.3891448944966882	0.8286049212042641	1.4281606483811105	0.8275649215355488	4665.468869328363	26.831655103149256	0.5345955522607919	6.733285068013894	11.521391338915937
	gen18ind0	404.76994161114567	0.37401864875054625	0.8287780496298659	1.4902446696581149	0.8257685830459823	4636.333642983032	22.714798973786912	0.20705284466059493	6.905212415778682	11.800558798882957
	gen16ind17	405.22043703842746	0.38913302970418473	0.8289997897545719	1.455092155650672	0.8233752583191407	4615.025740294172	34.28555203394933	0.24759018483713732	6.970129544521951	11.661845192215878
	gen13ind2	405.475480467429	0.3768761534235561	0.8287780496298659	1.4902446696581149	0.8257685830459823	4636.333642983032	22.714798973786912	0.20705284466059493	6.9727651835164295	11.796332174531125
	gen19ind18	405.658573636567	0.3886158434508945	0.8615756014641622	1.419939641643229	0.8260834511615258	4656.615745377674	68.73442608548902	0.2760425627564373	6.899068156862075	11.66649269384143
	gen17ind16	406.05250931972694	0.38796230290713773	0.8280309520441917	1.4631732298464937	0.8254621781070637	4648.471774078971	38.573076211260364	0.1451274051529678	6.87692886405773	11.747416848498784
	gen18ind5	406.56648509012246	0.3917723091378176	0.8308210654995708	1.441178336518794	0.822317936772744	4662.252542407694	68.73442608548902	0.10988255650608252	6.848899384757523	11.61757736780909
	gen19ind15	406.75365677164484	0.3879741676996412	0.8347230488626911	1.4212037388151715	0.8294964983402342	4678.569291086376	27.225999097415	0.5560572398406026	6.7851371702401355	11.566290479233306
	gen17ind7	406.8582579720304	0.3917723091378176	0.8308210654995708	1.441178336518794	0.822317936772744	4662.252542407694	68.73442608548902	0.1451274051529678	6.848899384757523	11.61757736780909
	gen18ind18	406.9704977940768	0.38986730602247766	0.8554535487196346	1.419939641643229	0.8248100992911753	4656.615745377674	91.67946850654354	0.17397401229524914	6.7136227547645735	11.66649269384143
	gen16ind8	407.2891403901639	0.38986730602247766	0.8282860494486683	1.4240501450121696	0.8283361810385383	4691.203563770985	45.511745083120026	0.29624797441857786	6.772653352765867	11.486552105847675
	gen15ind10	407.9732586811611	0.38986730602247766	0.8471658042644216	1.4037774932515859	0.8246288266541343	4656.615745377674	82.34750044186922	0.29624797441857786	6.761578521938226	11.582106818830248
	gen15ind13	408.07666450332897	0.38986730602247766	0.8474589000662542	1.419939641643229	0.8248780913959931	4695.1097853876345	60.47714245534298	0.29624797441857786	6.858732135935348	11.461476055465987
	gen18ind4	408.1833712806845	0.38986730602247766	0.8182279400297651	1.476330850526237	0.8217251486576561	4662.252542407694	35.28999168930167	0.13577468892086159	6.91728897670163	11.727185809834447
	gen16ind13	408.1964782928789	0.3930302491566685	0.8184445267353988	1.411102368995273	0.825018217794848	4693.232928675636	88.62551112599881	0.1451274051529678	6.7438316325252	11.73029794934395
	gen14ind7	408.64009460869244	0.3855900955564946	0.8188841704381478	1.419939641643229	0.825018217794848	4662.252542407694	68.73442608548902	0.07463770785919724	6.869806966762988	11.877256329188477
	gen12ind17	409.1869089942988	0.3970168173296571	0.839950890689086	1.419939641643229	0.8269587699163516	4691.014981256112	68.73442608548902	0.24638575118282505	6.772653352765867	11.523727887707743
	gen16ind10	409.45537609527497	0.39362635506112054	0.828541146853145	1.4069918656263323	0.8275649215355488	4669.952360119752	45.298877636602086	0.480891184430779	6.733285068013894	11.606752556561982
	gen11ind15	409.4886343093985	0.38986730602247766	0.8471658042644216	1.419939641643229	0.8248100992911753	4656.615745377674	68.73442608548902	0.29624797441857786	6.772653352765867	11.536653213151737
	gen15ind17	409.76844371645734	0.38511806002554283	0.8188841704381478	1.419939641643229	0.82559158346719	4684.727410963463	68.73442608548902	0.1877808579410424	6.787948304468905	11.877256329188477
	gen18ind11	409.84070156523416	0.38605729979179776	0.8296268314245778	1.4375158986469505	0.8255167472785656	4629.054208720228	54.727007734843085	0.15526857983103676	6.890890041104882	11.796332174531125
	gen16ind3	410.21227961586436	0.38677619923181616	0.8280309520441917	1.4158291382742885	0.8225502192283854	4662.252542407694	68.73442608548902	0.10988255650608252	6.916375576416681	11.747416848498784
	gen16ind9	410.33370665027087	0.38986730602247766	0.8378724747574613	1.419939641643229	0.8273800860148646	4695.1097853876345	60.47714245534298	0.29624797441857786	6.858732135935348	11.481945735154028
	gen14ind6	410.50153518278756	0.3935773482171835	0.8282860494486683	1.4673739114328592	0.82538076306893	4685.049847259535	41.50827737272864	0.29624797441857786	6.794803014421149	11.656509637141763
	gen15ind14	410.6459988814672	0.3809941982948033	0.8286315017289496	1.4943551730270555	0.8257685830459823	4636.333642983032	30.681068548025372	0.20705284466059493	6.9431512223353025	11.814168909723632
	gen18ind17	410.8468822431576	0.38605729979179776	0.8308020663008928	1.419939641643229	0.825018217794848	4630.16318242999	68.73442608548902	0.14265442716503957	6.875177161009783	11.77398782369087
	gen16ind6	410.9423614290337	0.38986730602247766	0.8470192563635053	1.419939641643229	0.8248100992911753	4656.615745377674	72.86306790056204	0.29624797441857786	6.772653352765867	11.536653213151737
	gen18ind2	411.04847260401425	0.3927248106954876	0.8482677651902786	1.419939641643229	0.8232786861430823	4690.92086376877	60.47714245534298	0.4539886893794145	6.858732135935348	11.346455207817076
	gen19ind12	411.3593264018948	0.3918967986357807	0.8280309520441917	1.4631732298464937	0.8254621781070637	4672.085175135732	65.65800779576503	0.09389601531088303	6.87692886405773	11.68059423461488
	gen17ind10	411.40527039303856	0.3982858447467051	0.8282670502499904	1.4673739114328592	0.82538076306893	4699.431066683745	41.50827737272864	0.29624797441857786	6.794803014421149	11.534008920313406
	gen14ind8	411.92081816688534	0.38986730602247766	0.8471658042644216	1.419939641643229	0.8248100992911753	4695.1097853876345	68.73442608548902	0.29624797441857786	6.772653352765867	11.461476055465987
	gen17ind12	412.07767700339764	0.38986730602247766	0.84729335296666	1.419939641643229	0.8248780913959931	4690.92086376877	60.47714245534298	0.459059276718449	6.858732135935348	11.346455207817076
	gen18ind6	412.2845827185011	0.3874950986718345	0.8471658042644216	1.4037774932515859	0.8246288266541343	4664.9153287995405	93.92157685153033	0.29624797441857786	6.761578521938226	11.537418117149738
	gen16ind11	412.3099610294015	0.398103395764972	0.8279291792957166	1.447767279906985	0.8297460964241004	4689.31573395349	73.0331638236022	0.2500871719155276	6.722915779350334	11.572326683536751
	gen19ind9	412.63888885852117	0.3938018017511206	0.8401396586588075	1.4631732298464937	0.8260549662221516	4670.55212582956	66.73269223029332	0.1451274051529678	6.808539272113623	11.637808406473427
	gen16ind7	412.95221849194536	0.38986730602247766	0.8282860494486683	1.419939641643229	0.8262915696651985	4662.252542407694	68.73442608548902	0.330631719115316	6.717038654477177	11.747416848498784
	gen16ind2	413.04447088060266	0.3935773482171835	0.8282860494486683	1.4673739114328592	0.82538076306893	4685.049847259535	45.63691918780167	0.29624797441857786	6.794803014421149	11.656509637141763
	gen18ind16	413.10746901499095	0.38224729356111786	0.8160687933304924	1.5605496976730007	0.8224219645446064	4598.073822452287	22.024800693411905	0.1308287329450052	6.970129544521951	11.841020876211633
	gen16ind5	413.16440267934684	0.3908198075801476	0.8375793789556286	1.433853460775107	0.8249141585430116	4640.187123887704	68.73442608548902	0.3138703987420205	6.710638053740989	11.61470386932329
	gen15ind7	413.7927407855423	0.38986730602247766	0.8278654049445975	1.4152128723642137	0.8269587699163516	4691.014981256112	68.73442608548902	0.29624797441857786	6.772653352765867	11.536653213151737
	gen15ind16	413.79694546801124	0.39619319229085936	0.8279929536468358	1.4281606483811105	0.8298140885289181	4691.014981256112	64.77588019345615	0.29624797441857786	6.715009912284534	11.50241541484207
	gen16ind14	413.848520859085	0.39172232711983057	0.8188461720407918	1.419939641643229	0.827244101805229	4685.985012192063	55.12135172910883	0.29624797441857786	6.772653352765867	11.536653213151737
	gen17ind15	414.10224294502444	0.3982179034192913	0.8282860494486683	1.4085042625306012	0.8267648599278254	4684.626916605636	78.13116528495988	0.34084553929756933	6.772653352765867	11.536653213151737
	gen7ind5	414.20028732138223	0.39619319229085936	0.8282860494486683	1.4281606483811105	0.8298140885289181	4691.014981256112	64.77588019345615	0.29624797441857786	6.772653352765867	11.572326683536751
	gen18ind3	414.3700520251901	0.38605729979179776	0.8335731805575939	1.4902446696581149	0.8240194949719484	4633.12619436958	37.10547563052623	0.2660737131107271	6.979399109698694	11.626030616512756
	gen9ind12	414.446651075486	0.38986730602247766	0.8282860494486683	1.419939641643229	0.8269587699163516	4691.014981256112	68.73442608548902	0.29624797441857786	6.772653352765867	11.536653213151737
	gen16ind18	414.5579283025814	0.38986730602247766	0.8339227128398314	1.419939641643229	0.8273120939100467	4695.1097853876345	68.73442608548902	0.29624797441857786	6.7438316325252	11.379437415966306
	gen17ind17	414.65596811999245	0.38986730602247766	0.8425734142627216	1.419939641643229	0.8269587699163516	4692.556397253918	68.73442608548902	0.29624797441857786	6.767115937352047	11.328763076290493
	gen16ind4	414.811164097365	0.3855900955564946	0.8142280060853286	1.419939641643229	0.826040523481518	4687.666471091898	68.73442608548902	0.11241785017559976	6.869806966762988	11.8382310011027
	gen15ind3	415.0300640797595	0.3917723091378176	0.8563125858704655	1.4152128723642137	0.8255275197771926	4656.615745377674	92.08923878152757	0.29624797441857786	6.772653352765867	11.536653213151737
	gen16ind16	415.4784104552945	0.3768761534235561	0.8291986941339369	1.5253971836655578	0.8257685830459823	4619.7344761393	22.714798973786912	0.22974585632307204	6.9727651835164295	11.820789837547295
	gen15ind9	415.80144880777647	0.3884117447563167	0.8282860494486683	1.4322711517500513	0.8272812717339411	4656.992910407421	60.77241248306476	0.36329325591176	6.75296921038988	11.572326683536751
	gen17ind1	415.9226899909337	0.38718427286541784	0.8471658042644216	1.434819503890088	0.8225339950459303	4656.615745377674	77.41056542520525	0.29624797441857786	6.761578521938226	11.674572877002042
	gen17ind2	416.1067791978568	0.38986730602247766	0.8282860494486683	1.4240501450121696	0.8270628291681879	4693.833379771122	68.73442608548902	0.29624797441857786	6.7923374951418545	11.486552105847675
	gen11ind18	416.22699086329976	0.3927197089788489	0.8282860494486683	1.4439008756329335	0.82538076306893	4676.456112730505	64.77588019345615	0.29624797441857786	6.794803014421149	11.656509637141763
	gen12ind14	416.6498281619635	0.3838462456449382	0.828097666603733	1.4142284708232318	0.8258844346037635	4691.014981256112	60.21805791615685	0.3998165040776942	6.806412219933786	11.406813732462044
	gen17ind18	417.334326083558	0.398103395764972	0.8279929536468358	1.4146700175840123	0.8311558133040867	4682.301499740462	84.77663601845626	0.29624797441857786	6.724500261231254	11.572326683536751
	gen15ind15	418.0033731188306	0.37909451925703386	0.8096902931208699	1.419939641643229	0.825018217794848	4652.111491210373	45.724612529637966	0.03004014298020577	6.969862882138269	11.99290419012183
	gen14ind13	418.86938936853045	0.398103395764972	0.8279929536468358	1.4281606483811105	0.8297460964241004	4685.28406673875	84.66696523396594	0.29624797441857786	6.713425430403614	11.572326683536751
	gen16ind12	419.18564461699935	0.38986730602247766	0.8185530762389591	1.419939641643229	0.8293927724304053	4691.014981256112	68.73442608548902	0.29624797441857786	6.70553741541382	11.59207852718712
	gen13ind17	419.3429349079362	0.3838462456449382	0.828097666603733	1.4142284708232318	0.8244567752974802	4620.939498914018	66.9226494870716	0.3570119104123044	6.903565833930907	11.406813732462044
	gen15ind18	419.9058980500431	0.3851132287298943	0.8351179030334948	1.4142284708232318	0.8266634786232496	4674.003945831766	83.04175469405843	0.3815548799947271	6.806412219933786	11.424650467654551
	gen13ind16	419.9058980500431	0.3851132287298943	0.8351179030334948	1.4142284708232318	0.8266634786232496	4674.003945831766	83.04175469405843	0.3815548799947271	6.806412219933786	11.424650467654551
	gen15ind8	420.2605193328737	0.39619319229085936	0.8281205023490741	1.4028813622573915	0.8308381756574097	4695.015667900292	63.42355717761338	0.459059276718449	6.772653352765867	11.572326683536751
	gen15ind0	420.7513842809152	0.398103395764972	0.8279929536468358	1.447767279906985	0.8297460964241004	4682.301499740462	73.0331638236022	0.29624797441857786	6.724500261231254	11.572326683536751
	gen15ind6	422.4498724827907	0.3957263571186803	0.8315364291414873	1.4253050629711117	0.8297460964241004	4685.28406673875	91.82062953825064	0.4144617118394575	6.713425430403614	11.572326683536751
	gen14ind4	422.6481791572744	0.3927197089788489	0.8284135981509066	1.4439008756329335	0.82538076306893	4676.456112730505	72.40621389342851	0.405330899797974	6.794803014421149	11.568964554660747
	gen13ind4	422.6779197408343	0.3927197089788489	0.8282860494486683	1.4749428862714358	0.82538076306893	4676.456112730505	64.77588019345615	0.2257582771248073	6.794803014421149	11.76851238263895
	gen10ind19	423.02741640977916	0.3884117447563167	0.8282860494486683	1.4281606483811105	0.8272812717339411	4656.992910407421	83.99509348543376	0.36329325591176	6.772653352765867	11.572326683536751
	gen16ind0	423.2579078502625	0.398103395764972	0.8244828354319549	1.447767279906985	0.8297800924765093	4682.301499740462	68.90452200852917	0.35738495548024224	6.767539652815994	11.46981836434903
	gen15ind12	423.65978242061215	0.398103395764972	0.8371868309641136	1.4281606483811105	0.8292668545466968	4685.327862058949	107.67677878981699	0.34084553929756933	6.786630484971667	11.572326683536751
	gen13ind18	424.26123381495864	0.3949858883758367	0.8402059880935626	1.4281606483811105	0.8288701819490191	4689.9426426748305	99.20831039321186	0.46455160194161726	6.772653352765867	11.572326683536751
	gen10ind12	425.6712184081699	0.3916780852106837	0.8806464146275728	1.4884184095370323	0.8298140885289181	4629.054208720228	40.23053285821862	0.9777784567278114	6.85382980312556	11.716543505870874
	gen17ind9	425.77000358166566	0.398103395764972	0.8279929536468358	1.4694291631173297	0.8297460964241004	4682.301499740462	71.0314299684065	0.29624797441857786	6.724500261231254	11.657305449183795
	gen11ind4	428.00718166170475	0.3835642769020058	0.8277758546397151	1.4243372891303707	0.8274223979946924	4649.496628615661	206.89998708504618	0.06105211738053984	6.823448440934506	11.908587417506586
	gen11ind10	429.2829387450529	0.3838462456449382	0.8142455765891448	1.420924043184211	0.8257231836949688	4691.014981256112	66.9226494870716	0.3998165040776942	6.806412219933786	11.536653213151737
	gen16ind1	429.7143898888484	0.3917723091378176	0.8599692519862627	1.4313750207558569	0.8253462471401516	4670.396513706397	105.70231313790777	0.29624797441857786	6.761578521938226	11.5171870784854
	gen12ind11	429.8034857418573	0.3955524170946949	0.8277758546397151	1.4030522133807588	0.8248134634657145	4599.936471669014	280.04878689674047	0.030999678416289048	6.873539583925096	11.826361529233555
	gen13ind9	430.28395546767234	0.3927197089788489	0.8282860494486683	1.4867461204742334	0.82538076306893	4676.456112730505	71.48047176437089	0.29624797441857786	6.794803014421149	11.814289120626665
	gen14ind16	430.76113215285403	0.38366554924358504	0.8277758546397151	1.4000104270429379	0.8219581448531479	4599.468032710585	280.04878689674047	0.03612100576266343	6.873539583925096	11.958180773276169
	gen11ind13	430.9194639184737	0.38638021181485044	0.8282860494486683	1.4281606483811105	0.8272812717339411	4656.992910407421	112.57004304287473	0.36329325591176	6.772653352765867	11.572326683536751
	gen14ind2	430.930628907859	0.39631592781177466	0.833608275259924	1.4309455337074886	0.8270301261957085	4606.747466973389	282.0280598427569	0.06105211738053984	6.862464753097456	11.908515301757472
	gen14ind19	431.0668407568317	0.38638021181485044	0.8282860494486683	1.4281606483811105	0.8272812717339411	4656.992910407421	112.57004304287473	0.36329325591176	6.772653352765867	11.544262616416404
	gen14ind5	431.29773776850334	0.3856433881156647	0.8288342426549775	1.4281606483811105	0.8276329136403666	4671.551778933028	112.57004304287473	0.36329325591176	6.772653352765867	11.572326683536751
	gen12ind10	432.0970314959146	0.3892748643848617	0.8161110133992975	1.4355048577100384	0.8230451614099691	4574.931805162039	181.0961980620295	0.06105211738053984	6.873539583925096	11.993853954230843
	gen13ind13	432.37102819130854	0.3895710852036697	0.8408041896365815	1.4355048577100384	0.8234001674909338	4599.468032710585	280.04878689674047	0.06105211738053984	6.873539583925096	11.82442577743872
	gen12ind19	432.4482299919092	0.38753094719016923	0.8277758546397151	1.4321073180405248	0.8255201114531048	4599.936471669014	251.4738373392995	0.05829812537003548	6.873539583925096	11.826361529233555
	gen10ind0	432.79851629812543	0.3800907935899953	0.8277758546397151	1.4000104270429379	0.8219581448531479	4599.468032710585	280.04878689674047	0.06105211738053984	6.873539583925096	11.964643435998166
	gen14ind10	433.5492988589813	0.3955524170946949	0.8277758546397151	1.4030522133807588	0.8265927646784234	4599.936471669014	280.04878689674047	0.030999678416289048	6.920250082342603	11.742205898500035
	gen13ind14	433.7612692242899	0.38638021181485044	0.8282860494486683	1.4281606483811105	0.8299428351743376	4656.992910407421	112.57004304287473	0.36329325591176	6.772653352765867	11.376168307306044
	gen11ind16	434.33137338297854	0.3892748643848617	0.8277758546397151	1.4355048577100384	0.8234001674909338	4599.468032710585	280.04878689674047	0.06105211738053984	6.873539583925096	11.993853954230843
	gen15ind2	435.31296008035406	0.3813128850905115	0.8288722410523336	1.4902446696581149	0.8278694141636165	4666.322165280819	75.50980598890446	0.15526857983103676	6.9669605807601105	11.796332174531125
	gen12ind13	435.32335141921243	0.39352177371479646	0.8971065284652111	1.5834308961319792	0.8338721874705912	4629.054208720228	31.643455683756798	0.9777784567278114	6.812360827030574	11.74022151029656
	gen11ind11	435.6790813262163	0.3910044305021797	0.8277758546397151	1.4388156473334	0.8248134634657145	4599.468032710585	280.04878689674047	0.06105211738053984	6.873539583925096	11.890678566564965
	gen13ind10	435.9994277980683	0.3910044305021797	0.8425002089660479	1.443472153538846	0.8248134634657145	4599.468032710585	280.04878689674047	0.06105211738053984	6.861072824786771	11.826361529233555
	gen10ind6	436.4549345199956	0.3910044305021797	0.8277758546397151	1.4398000488743818	0.8248134634657145	4599.468032710585	280.04878689674047	0.06105211738053984	6.873539583925096	11.826361529233555
	gen14ind15	436.4991580775465	0.3945791861557694	0.8277758546397151	1.4429261507023408	0.8248134634657145	4599.468032710585	282.0280598427569	0.06105211738053984	6.873539583925096	11.908515301757472
	gen14ind3	436.5578035659995	0.3910044305021797	0.8277758546397151	1.4328339600954425	0.8232381585128803	4599.468032710585	289.1817241470416	0.10370557016861445	6.890419017509055	11.752523421292455
	gen12ind8	436.93284817846416	0.39416737363637055	0.8277758546397151	1.4429261507023408	0.8262411227719977	4599.468032710585	280.04878689674047	0.06105211738053984	6.873539583925096	11.908515301757472
	gen11ind7	437.05212093227334	0.38753094719016923	0.8277758546397151	1.4398000488743818	0.8248134634657145	4599.936471669014	280.04878689674047	0.06105211738053984	6.873539583925096	11.826361529233555
	gen9ind11	437.3506979789154	0.3835642769020058	0.8277758546397151	1.4398000488743818	0.8248134634657145	4599.468032710585	280.04878689674047	0.06105211738053984	6.873539583925096	11.908587417506586
	gen10ind16	437.44305818745886	0.3835642769020058	0.8277758546397151	1.4398000488743818	0.8250055365506149	4599.936471669014	280.04878689674047	0.06105211738053984	6.873539583925096	11.908587417506586
	gen14ind1	437.9787495044957	0.3973303167705614	0.8277758546397151	1.4429261507023408	0.8286390581390328	4613.849252134794	278.06951395072406	0.06105211738053984	6.873539583925096	11.820970219276456
	gen10ind5	438.0399501318376	0.3835642769020058	0.8264966094332276	1.4902446696581149	0.824103451303785	4629.054208720228	82.1436092273185	0.17210930972190056	6.90123753910414	11.726889561964928
	gen11ind5	438.4621384495716	0.3924434545228939	0.8366842330801623	1.4579586512743619	0.8298140885289181	4695.224594583895	243.800579966814	0.027370657598812242	6.865088480511066	11.964731996247483
	gen14ind12	439.25699978612755	0.3924192034064104	0.8374708294520683	1.4497646561745274	0.8248134634657145	4599.936471669014	280.04878689674047	0.06105211738053984	6.873539583925096	11.826361529233555
	gen10ind10	439.5620591038094	0.3924434545228939	0.8325271178779272	1.4579586512743619	0.8298140885289181	4695.224594583895	243.800579966814	0.027370657598812242	6.865088480511066	11.964731996247483
	gen10ind18	439.7349297678014	0.3835642769020058	0.8194616242352452	1.4902446696581149	0.8258572799777408	4629.9910866370865	82.1436092273185	0.16000877183726614	6.9669605807601105	11.796332174531125
	gen13ind0	440.0176174556607	0.3878486629066761	0.8211091342706888	1.4355048577100384	0.8246357537123167	4606.747466973389	280.04878689674047	0.09192224613130634	6.865065036955057	11.815581354740972
	gen12ind2	440.378340598696	0.3892748643848617	0.8211091342706888	1.4355048577100384	0.8246357537123167	4599.468032710585	280.04878689674047	0.09192224613130634	6.8761398677826975	11.875509566735985
	gen8ind5	440.8168022840074	0.3864052512844221	0.8194616242352452	1.454828853423142	0.824103451303785	4660.03459498817	117.85835578457284	0.1995660227056964	6.9669605807601105	11.796332174531125
	gen12ind4	441.0264070269321	0.3910044305021797	0.8416279446543034	1.4398000488743818	0.8248134634657145	4612.780362080879	273.3441953258257	0.06105211738053984	6.776385969927974	11.696522048543862
	gen10ind17	441.13621036445346	0.39051124352602673	0.8806464146275728	1.5839230969024702	0.8338721874705912	4629.054208720228	31.643455683756798	0.9777784567278114	6.829240260614533	11.74022151029656
	gen4ind0	441.5262460975567	0.3835642769020058	0.8194616242352452	1.4902446696581149	0.824103451303785	4629.054208720228	82.1436092273185	0.23450771691704486	6.9669605807601105	11.796332174531125
	gen13ind7	441.57498489097776	0.3838462456449382	0.828097666603733	1.4142284708232318	0.8258844346037635	4691.014981256112	166.7811266209913	0.3998165040776942	6.806412219933786	11.635414103001597
	gen9ind14	441.624585119662	0.3835642769020058	0.8194616242352452	1.4902446696581149	0.8244875974735859	4629.9910866370865	82.1436092273185	0.23141139653997503	6.9669605807601105	11.796332174531125
	gen13ind11	441.703665890121	0.3892748643848617	0.8211091342706888	1.4355048577100384	0.8246357537123167	4613.248801039308	301.9191448832667	0.1624119434250769	6.778986253785575	11.745670086046292
	gen13ind6	442.4708319503997	0.38638021181485044	0.839950890689086	1.4281606483811105	0.8272812717339411	4656.992910407421	211.5226318775857	0.2984048131938818	6.772653352765867	11.559401358092757
	gen13ind19	444.6494955174569	0.3892748643848617	0.8277758546397151	1.445961665780675	0.8234001674909338	4645.241506983349	173.48571819190602	0.23043431072911702	6.83997590192944	11.993853954230843
	gen9ind16	445.22446292382693	0.39051124352602673	0.8923112558679904	1.5698239133210026	0.8298140885289181	4629.054208720228	40.23053285821862	0.9777784567278114	6.766441012530619	11.684220137547968
	gen4ind10	445.91993335515036	0.39051124352602673	0.8806464146275728	1.5698239133210026	0.8298140885289181	4629.054208720228	40.23053285821862	0.9777784567278114	6.829240260614533	11.74022151029656
	gen12ind5	447.50850165453284	0.3910044305021797	0.8277758546397151	1.434472549398237	0.8248134634657145	4628.2304715590035	280.04878689674047	0.2121726866461499	6.823096468345481	11.826361529233555
	gen9ind0	448.49765977800496	0.39964381845496005	0.7910078027938023	1.4281606483811105	0.8298140885289181	4697.8526804771045	79.56505989603565	0.30204919657856893	6.838002148944598	11.435677741629695
	gen12ind7	448.95280869669557	0.3813128850905115	0.817207399811916	1.5231597108838386	0.8251617411976009	4604.752200650897	75.95887872227442	0.15526857983103676	6.9669605807601105	11.809257499975118
	gen11ind1	450.23668914640604	0.3910044305021797	0.8091891956257946	1.4398000488743818	0.826079871863203	4619.897917745428	280.04878689674047	0.06105211738053984	6.873539583925096	11.826361529233555
	gen12ind9	451.3878111493389	0.3993561354250502	0.7983271459870496	1.4281606483811105	0.8323160831477896	4697.8526804771045	62.79660724743971	0.29624797441857786	6.898473102201745	11.649717133177568
	gen10ind14	453.23040802650763	0.3999149642394231	0.7982551452959379	1.4472868514668211	0.8212189926023824	4566.006983854061	260.8053516100025	0.038386625640829675	6.938273810587802	11.82297191984998
	gen10ind9	454.4307767552672	0.377249819207579	0.8044461721588799	1.4902446696581149	0.8273429160861524	4590.95778944596	82.1436092273185	0.23450771691704486	6.893272534486542	11.868569172974777
	gen10ind3	454.8244052781194	0.37323192457581034	0.8044461721588799	1.5056301313258291	0.824103451303785	4550.8640165719235	82.1436092273185	0.16077656385204547	6.9669605807601105	11.852212180121542
	gen11ind6	456.11474681832834	0.377249819207579	0.8044461721588799	1.4902446696581149	0.828866611934886	4590.95778944596	82.1436092273185	0.23450771691704486	6.893272534486542	11.840541163728986
	gen12ind16	456.7461895860213	0.3910044305021797	0.8015956720502629	1.4390655769272798	0.8248134634657145	4613.437383554181	320.5120805762994	0.06105211738053984	6.845246130000763	11.80673115318506
	gen5ind8	457.25010360336603	0.39619319229085936	0.7911127314208272	1.4281606483811105	0.8298140885289181	4697.8526804771045	64.77588019345615	0.29624797441857786	6.898473102201745	11.63188039798506
	gen11ind2	457.68864999335733	0.37323192457581034	0.8044461721588799	1.52120938222032	0.824103451303785	4550.8640165719235	82.1436092273185	0.12115699530904142	6.9859769482333585	11.858864794079816
	gen12ind1	457.9669518050001	0.38125186475059836	0.8142455765891448	1.4267437434308468	0.8257231836949688	4691.014981256112	174.55910283871376	0.3998165040776942	6.806412219933786	11.66367063600014
	gen8ind10	458.4218107918864	0.39619319229085936	0.8021518429644092	1.4658431750382022	0.8298140885289181	4696.64989594705	135.1292974759658	0.24798601964826134	6.864851244623425	11.657518487268463
	gen11ind3	459.3478311460164	0.38988444888341	0.8008072072240671	1.4633131623885534	0.8298140885289181	4647.824084572028	64.77588019345615	0.26537784566781136	6.958782693062082	11.79783837789658
	gen14ind0	460.7978565765708	0.3768761534235561	0.8293262428361752	1.513903929136002	0.8254063952992663	4651.126730987854	108.29719412787736	0.20705284466059493	6.9727651835164295	11.796332174531125
	gen8ind1	461.37975230883245	0.377249819207579	0.8044461721588799	1.4902446696581149	0.824103451303785	4590.95778944596	82.1436092273185	0.23450771691704486	6.9669605807601105	11.908334920028313
	gen13ind5	461.9936768345149	0.37323192457581034	0.8044461721588799	1.5056301313258291	0.824103451303785	4550.8640165719235	82.1436092273185	0.16077656385204547	6.9669605807601105	11.921353133503848
	gen8ind16	462.1215457154378	0.3650376269313461	0.8289300522807125	1.4281606483811105	0.8278430158602099	4683.910468876987	718.6395513962913	0.02441250473284673	6.954100529795025	11.716099835167077
	gen6ind0	462.4878237522911	0.3574240115130648	0.843003947359219	1.4281606483811105	0.8373907471669286	4697.8526804771045	262.8746325478169	0.21759337073432705	6.828280780359147	11.796332174531125
	gen14ind11	462.4943487935963	0.3940160518517804	0.8282860494486683	1.4867461204742334	0.82538076306893	4647.693673882088	169.50731847002425	0.29624797441857786	6.845246130000763	11.941306543475067
	gen13ind8	462.583188540269	0.3892748643848617	0.822236529821339	1.4706573717174813	0.8226791561720408	4568.487646442643	258.1784289102142	0.06105211738053984	6.970693197922218	11.993853954230843
	gen8ind17	463.0034428503606	0.3835642769020058	0.8277758546397151	1.4805740722468075	0.8248134634657145	4599.468032710585	280.04878689674047	0.06105211738053984	6.841362084592282	11.796332174531125
	gen7ind11	463.64016980337084	0.3835642769020058	0.7982551452959379	1.4483654854780583	0.824103451303785	4614.822142707574	280.04878689674047	0.06105211738053984	6.9112962627317405	11.796332174531125
	gen11ind12	464.2864185602091	0.3801136507379051	0.806821803777986	1.5144825785089995	0.8273429160861524	4638.836070382615	82.1436092273185	0.23450771691704486	6.9062241657361305	11.868569172974777
	gen12ind15	464.54426115590707	0.37323192457581034	0.8044461721588799	1.5056301313258291	0.8188674413139563	4550.8640165719235	82.1436092273185	0.2975866058215903	6.989110242415392	11.852212180121542
	gen11ind8	464.6873242011389	0.389291939962658	0.8325271178779272	1.480583135742294	0.8298140885289181	4671.221773525843	349.45776037243974	0.027370657598812242	6.825754800150705	11.897026246398738
	gen12ind12	464.8378111684774	0.39619319229085936	0.7911127314208272	1.4082658374653885	0.8283864292226348	4697.8526804771045	64.77588019345615	0.29624797441857786	6.898473102201745	11.701021351367366
	gen9ind19	465.335627345156	0.3835642769020058	0.7982551452959379	1.4653704851553047	0.824103451303785	4614.822142707574	280.04878689674047	0.038386625640829675	6.9112962627317405	11.82297191984998
	gen12ind3	465.4097026907886	0.3720637451596561	0.8041910747544033	1.52120938222032	0.824103451303785	4594.6752382216255	82.1436092273185	0.12115699530904142	6.9859769482333585	11.996281047879275
	gen8ind3	465.8091562392847	0.38345638399351906	0.7911127314208272	1.4426709840888354	0.828828552194564	4697.8526804771045	64.77588019345615	0.29624797441857786	6.9609032367919905	11.63188039798506
	gen11ind14	466.1153556696968	0.389291939962658	0.8325271178779272	1.488275866576151	0.831049674750301	4652.6420028471375	349.45776037243974	0.07619787206030407	6.899442846424273	11.987186592116164
	gen12ind0	466.1688077184551	0.3734785180638868	0.801989107835049	1.5056301313258291	0.8195740893013467	4550.8640165719235	82.1436092273185	0.2975866058215903	6.9669605807601105	11.852212180121542
	gen7ind19	466.6956503575046	0.3822557892738837	0.8407784845175648	1.4190767429363986	0.8278430158602099	4697.8526804771045	856.5901655560828	0.16398326625009035	6.9608389744368	11.855885888979433
	gen11ind19	467.02907375451605	0.3836182233562492	0.8044461721588799	1.4600705694101148	0.8224475488457859	4590.95778944596	211.07347981684472	0.23450771691704486	6.906594505914967	11.698827035756398
	gen7ind2	468.2884945419478	0.389291939962658	0.8325271178779272	1.488275866576151	0.8298140885289181	4695.224594583895	349.45776037243974	0.027370657598812242	6.899442846424273	11.964731996247483
	gen10ind7	468.42882227662443	0.3836182233562492	0.8044461721588799	1.459086167869133	0.8245962194709622	4590.95778944596	211.07347981684472	0.23450771691704486	6.872835638747048	11.783026946614578
	gen12ind18	468.5909131630756	0.39619319229085936	0.8172929140102794	1.4281606483811105	0.8318431379997546	4697.8526804771045	64.77588019345615	0.6370132155731947	6.898473102201745	11.715827811364965
	gen10ind15	469.77799634593225	0.389291939962658	0.8325271178779272	1.488275866576151	0.8298140885289181	4671.221773525843	349.45776037243974	0.027370657598812242	6.825754800150705	11.924966249193947
	gen13ind15	470.2276027498258	0.3892748643848617	0.8046490204330503	1.4359970584805293	0.8246357537123167	4599.468032710585	279.14289859753177	0.1437065109608645	6.893019301366657	11.875509566735985
	gen5ind4	472.578225633456	0.3650376269313461	0.8407784845175648	1.4281606483811105	0.8278430158602099	4697.8526804771045	658.6849878866608	0.16398326625009035	6.954100529795025	11.855885888979433
	gen11ind9	473.11600179282635	0.3816092760403649	0.8044461721588799	1.46677889870299	0.8245962194709622	4570.910903008942	211.07347981684472	0.23450771691704486	6.909679661883833	11.783026946614578
	gen7ind16	473.5002322290838	0.389291939962658	0.8088302534042227	1.4621706477356031	0.8298140885289181	4669.213927217375	469.36688739170063	0.005504007064108474	6.9669605807601105	11.68515988862277
	gen13ind12	473.54781716161824	0.3892748643848617	0.8091891956257946	1.4783501025513384	0.8246357537123167	4570.607449631509	286.75337846765524	0.09192224613130634	6.97329348177982	11.875509566735985
	gen10ind11	474.13849485068715	0.3740925903603656	0.8158559159948209	1.4996644159177501	0.8248134634657145	4599.468032710585	280.04878689674047	0.030181988629773338	6.938515698589404	11.916570734682116
	gen6ind10	474.95672302455847	0.3542459634958984	0.878046497312366	1.5324781629741255	0.8322196491871312	4666.390130423633	64.96945487839486	0.842803588895023	6.7959154562095225	11.584009222003113
	gen9ind7	475.9043377446864	0.3505227591848634	0.8279303959894457	1.475967316251349	0.8305823808685198	4697.098350417611	318.5356574702164	0.021178016844672576	6.819584488212974	11.716800680424054
	gen9ind3	476.9418699245774	0.3791099890006252	0.8407784845175648	1.4190767429363986	0.8278430158602099	4695.367215910393	996.7843363519592	0.16398326625009035	6.9647739927989605	11.940436522389772
	gen9ind1	479.1328490171302	0.3650376269313461	0.8407784845175648	1.4281606483811105	0.8278430158602099	4697.8526804771045	658.6849878866608	0.15818204409009928	6.951661608334233	11.977688311889356
	gen8ind0	479.91786929952775	0.3542459634958984	0.8915685365654819	1.5526930401136494	0.8312341128527772	4666.390130423633	64.96945487839486	0.7824724569707704	6.753726903001244	11.638179778158863
	gen9ind5	480.9976162388711	0.3835642769020058	0.8277758546397151	1.4805740722468075	0.8243206952985374	4633.867268589023	292.3214605643592	0.2797131237740769	6.9071935726810105	11.742161618375375
	gen4ind19	481.84497031215574	0.389291939962658	0.8137058842437503	1.488275866576151	0.8298140885289181	4697.098350417611	460.77981021723883	0.021178016844672576	6.893595259280161	11.907162067546238
	gen9ind8	482.0134128308977	0.3835642769020058	0.7982551452959379	1.4483654854780583	0.824103451303785	4615.759020624432	280.04878689674047	0.18968955363043158	6.9112962627317405	11.796332174531125
	gen7ind12	482.121174004602	0.3542459634958984	0.8915685365654819	1.5526930401136494	0.8312341128527772	4666.390130423633	64.96945487839486	0.7824724569707704	6.753726903001244	11.584009222003113
	gen8ind4	482.5829581445168	0.3587824224329134	0.8196713562564819	1.475967316251349	0.8324521631467322	4661.386380697624	460.77981021723883	0.021178016844672576	6.889518666352433	11.936938924770391
	gen7ind14	483.910104100097	0.389291939962658	0.8088302534042227	1.4621706477356031	0.8298140885289181	4651.162805310074	469.36688739170063	0.09737048837583884	6.9112962627317405	11.68515988862277
	gen9ind9	484.1966872040881	0.38888650143310755	0.8407784845175648	1.4588663647678426	0.8278430158602099	4683.099109885761	856.5901655560828	0.16398326625009035	6.9608389744368	11.771829184113557
	gen8ind14	485.0117743332635	0.3960489033342883	0.8088302534042227	1.4159176579590758	0.825755989587245	4632.4948444583715	477.9539645661624	0.20677744761315026	6.9669605807601105	11.68515988862277
	gen9ind13	486.228873158458	0.3916000661655431	0.8181853316946417	1.4345995618198761	0.8269874965793569	4698.465754743341	559.6356117094805	0.18584893177082845	6.908477347571688	11.935217399663522
	gen9ind18	486.84108667079033	0.377249819207579	0.8044461721588799	1.4663413357229955	0.824103451303785	4590.95778944596	211.07347981684472	0.23450771691704486	6.9669605807601105	11.812803803838733
	gen7ind3	487.92812860146967	0.389291939962658	0.8142493357470921	1.494441796250582	0.8298140885289181	4695.4471114169955	460.77981021723883	0.0674593567094573	6.893595259280161	11.907162067546238
	gen9ind2	489.362844029693	0.3824242957453935	0.7984096866456685	1.4791867729707318	0.8305823808685198	4697.098350417611	411.30351579988337	0.032110849605041625	6.889518666352433	11.907162067546238
	gen7ind0	489.85501392912505	0.389291939962658	0.8088865161269604	1.4621706477356031	0.8224498660680895	4635.808695313085	460.77981021723883	0.2634420916243114	6.969879242348595	11.600959977764592
	gen6ind18	491.0784409288937	0.389291939962658	0.8325271178779272	1.488275866576151	0.8298140885289181	4697.098350417611	349.45776037243974	0.2846455300985957	6.893595259280161	11.964731996247483
	gen10ind1	491.94346870807954	0.3879351575964402	0.8325271178779272	1.5004092680501344	0.8298140885289181	4687.541272155106	497.93503729574087	0.016437824838443194	6.9256236598568295	11.8830378884725
	gen9ind17	492.9242724040662	0.389291939962658	0.8325271178779272	1.488275866576151	0.8325320584811031	4692.662455578563	349.45776037243974	0.31481109606072205	6.893595259280161	11.964731996247483
	gen7ind10	493.0934777908805	0.353636311714214	0.894895163297611	1.5827506492111696	0.8394728457417984	4657.518340745537	64.96945487839486	0.842803588895023	6.723474267743812	11.658481881851566
	gen9ind10	493.81339027816085	0.3542459634958984	0.8673880671712062	1.5827506492111696	0.8322196491871312	4680.622196436288	56.38237770393303	0.842803588895023	6.798268888764337	11.477847745739107
	gen10ind8	494.70102973280956	0.377249819207579	0.8041910747544033	1.4663413357229955	0.824103451303785	4554.815684826804	211.07347981684472	0.23450771691704486	6.982596303660275	11.998770906016158
	gen6ind2	494.72094068768047	0.389291939962658	0.8088865161269604	1.4621706477356031	0.8298140885289181	4669.830766161776	460.77981021723883	0.20677744761315026	6.9669605807601105	11.68515988862277
	gen11ind17	495.457410655165	0.3720395942395633	0.8044461721588799	1.4017116652716513	0.8181464299950634	4590.95778944596	206.34627483381036	0.2238554527565909	6.9669605807601105	11.979454117120884
	gen8ind8	495.5734962656769	0.38389610824493414	0.8088302534042227	1.5394656481506326	0.8342276069773867	4630.99563544429	172.50912088756763	0.09737048837583884	6.795983131706134	11.549221555134611
	gen8ind18	495.9604532154335	0.3937947235856466	0.8137058842437503	1.4345995618198761	0.8269874965793569	4697.098350417611	559.7323990519499	0.18584893177082845	6.972808167904223	11.879631256709345
	gen6ind7	496.09198605297473	0.3542459634958984	0.894895163297611	1.5827506492111696	0.8366700527571471	4657.518340745537	64.96945487839486	0.842803588895023	6.723474267743812	11.584009222003113
	gen8ind7	497.04545199411467	0.3542459634958984	0.894895163297611	1.5827506492111696	0.8366700527571471	4691.917576623975	64.96945487839486	0.842803588895023	6.723474267743812	11.584009222003113
	gen5ind6	497.4649014942904	0.3542459634958984	0.894895163297611	1.5827506492111696	0.8322196491871312	4666.390130423633	64.96945487839486	0.842803588895023	6.723474267743812	11.584009222003113
	gen7ind9	497.6688371334757	0.36804574741824325	0.7984096866456685	1.475967316251349	0.8305823808685198	4697.098350417611	460.77981021723883	0.021178016844672576	6.889518666352433	11.907162067546238
	gen6ind3	497.72160340951643	0.389291939962658	0.8317073709477575	1.4753980396986197	0.8310168688580246	4681.744240420622	262.8746325478169	0.6452103922394885	6.881900084991936	11.620728085700922
	gen6ind4	497.80224954327934	0.3123632301887533	0.894895163297611	1.544165571311112	0.8337562338663346	4615.378810278243	64.96945487839486	0.8650323520649681	6.715321081888355	11.677224745634508
	gen8ind15	498.7064243004536	0.3937947235856466	0.8137058842437503	1.4345995618198761	0.8269874965793569	4698.465754743341	559.7323990519499	0.18584893177082845	6.972808167904223	11.935217399663522
	gen7ind17	498.7079795548557	0.3937947235856466	0.8137058842437503	1.4345995618198761	0.8269874965793569	4697.098350417611	559.7323990519499	0.18584893177082845	6.972808167904223	11.935217399663522
	gen9ind6	500.6232972549667	0.3533865907151895	0.7984096866456685	1.475967316251349	0.8305823808685198	4697.098350417611	460.77981021723883	0.021178016844672576	6.830574757928198	11.907162067546238
	gen10ind2	504.2695381403773	0.3542459634958984	0.8907380480953759	1.592027040396964	0.8322196491871312	4681.651657386884	64.96945487839486	0.9279832284747407	6.77018476616132	11.527881600515382
	gen12ind6	506.1672407923871	0.3910044305021797	0.8091891956257946	1.4398000488743818	0.8303255840640336	4596.19696574029	280.04878689674047	0.4018173585351566	6.890758207021788	11.826361529233555
	gen9ind15	506.5500340538253	0.36804574741824325	0.7984096866456685	1.475967316251349	0.8305823808685198	4696.161472500753	460.77981021723883	0.10745941940521916	6.892442459924489	11.907162067546238
	gen5ind12	506.575538003018	0.3117535784070689	0.8643027681014472	1.5581335485615653	0.8337562338663346	4615.378810278243	64.96945487839486	0.6590706262715623	6.715321081888355	11.383262625087148
	gen11ind0	506.57583583547034	0.38422375905872164	0.8806464146275728	1.5839230969024702	0.8338721874705912	4629.054208720228	104.79225549545109	0.9469083279770449	6.816421528887185	11.81579478461132
	gen8ind13	508.37944264792156	0.38990159174434236	0.8325271178779272	1.5066866831338777	0.8298140885289181	4686.044052122688	345.16422178520884	0.4190259673313137	6.921427418294346	11.97968186079834
	gen6ind9	510.15459562260617	0.3117535784070689	0.8643027681014472	1.5581335485615653	0.8337562338663346	4615.378810278243	64.96945487839486	0.6590706262715623	6.75200374262833	11.272261535625415
	gen6ind8	510.94521136599906	0.36534245282218836	0.7911127314208272	1.426552930336074	0.8222374298909076	4697.8526804771045	460.77981021723883	0.07112373901918329	6.956762381509072	11.796332174531125
	gen8ind9	511.5750592216579	0.37541515050870544	0.7982551452959379	1.4180121038325728	0.8207453454742539	4614.822142707574	280.04878689674047	0.1755587298698271	6.99439027429672	11.937219294851136
	gen7ind18	511.6308159725547	0.39051124352602673	0.8478105170496631	1.5208130996099851	0.8122828506226096	4649.484093755071	177.04237384506575	0.39797481812091806	6.8994325824571305	11.796332174531125
	gen7ind1	512.0606270821603	0.3117535784070689	0.8596559808744795	1.567354740441139	0.8337037082384192	4615.378810278243	64.96945487839486	0.6590706262715623	6.784181241961144	11.402320338428044
	gen8ind19	512.2217211611559	0.34811895442794805	0.8088302534042227	1.5375564491564941	0.8298140885289181	4628.354157147691	221.98541530492312	0.005504007064108474	6.838217037752177	11.68515988862277
	gen8ind2	512.5616496880476	0.31471471799099837	0.8981494593971592	1.5526930401136494	0.8332051855214854	4659.552431202641	77.33891588848297	0.7824724569707704	6.753726903001244	11.552510839672086
	gen5ind14	512.6744637043871	0.3886822881809736	0.8137058842437503	1.488275866576151	0.8298140885289181	4697.098350417611	460.77981021723883	0.2846455300985957	6.893595259280161	11.935217399663522
	gen4ind9	514.7491755803192	0.3117535784070689	0.894895163297611	1.5853711646616584	0.8337562338663346	4615.378810278243	64.96945487839486	0.8363453733798221	6.715321081888355	11.677224745634508
	gen6ind13	515.2594209158882	0.3114487525162267	0.8938082602909274	1.5853711646616584	0.8337562338663346	4615.378810278243	64.96945487839486	0.8363453733798221	6.715321081888355	11.677224745634508
	gen6ind11	515.4932049970588	0.39051124352602673	0.8287551986891808	1.4718022858989674	0.8242085025596158	4669.913978789913	238.1357105276406	0.9777784567278114	6.829240260614533	11.758216747849332
	gen4ind18	518.8191818323928	0.39619319229085936	0.7911127314208272	1.4281606483811105	0.8298140885289181	4697.8526804771045	460.77981021723883	0.07112373901918329	6.954100529795025	11.796332174531125
	gen0ind15	519.2260524170339	0.39051124352602673	0.8194616242352452	1.4989922808510565	0.8298140885289181	4629.054208720228	460.77981021723883	0.3661313628412748	6.9669605807601105	11.796332174531125
	gen6ind19	521.2436090333124	0.31736505900882633	0.8798063947735406	1.5827506492111696	0.8341907218558394	4666.390130423633	64.96945487839486	0.842803588895023	6.765662820952091	11.322059500773568
	gen4ind1	524.0388853221137	0.3117535784070689	0.894895163297611	1.5977030240105203	0.8449674058049392	4630.2878866090305	64.96945487839486	0.6590706262715623	6.715321081888355	11.355207292969867
	gen0ind4	524.7861528590628	0.3117535784070689	0.894895163297611	1.5935493647965382	0.8337562338663346	4615.378810278243	64.96945487839486	0.6590706262715623	6.715321081888355	11.355207292969867
	gen6ind14	526.4761313377742	0.39051124352602673	0.8016878395291119	1.4657190183819964	0.8278430158602099	4629.054208720228	460.77981021723883	0.3661313628412748	6.9669605807601105	11.796332174531125
	gen5ind18	528.6724710222087	0.3117722443167076	0.8541925511151103	1.5853711646616584	0.8241936816830044	4604.3371928701345	64.96945487839486	0.8363453733798221	6.715321081888355	11.488160687184905
	gen2ind13	528.7800913842624	0.39051124352602673	0.8478105170496631	1.5698239133210026	0.8298140885289181	4629.054208720228	177.04237384506575	0.4235053202115667	6.8994325824571305	11.796332174531125
	gen6ind5	529.1236096855918	0.39051124352602673	0.8194616242352452	1.4989922808510565	0.8298140885289181	4629.054208720228	460.77981021723883	0.495892389822013	6.9669605807601105	11.76655531730697
	gen5ind3	531.1737019624804	0.39051124352602673	0.8287551986891808	1.491587023623445	0.8298140885289181	4669.913978789913	238.1357105276406	0.9777784567278114	6.829240260614533	11.744189081790692
	gen5ind9	531.371999129056	0.3713292274778631	0.8137058842437503	1.488275866576151	0.8278430158602099	4697.098350417611	658.6849878866608	0.21392898842460106	6.980584991283961	11.907162067546238
	gen7ind15	538.1787134364054	0.3930151442736929	0.894895163297611	1.528037070493985	0.8366700527571471	4690.923572649827	207.2136076254173	0.6555910408085397	6.723474267743812	11.584009222003113
	gen8ind6	544.758399519543	0.3937947235856466	0.7929986910152003	1.4345995618198761	0.8269874965793569	4698.412393364216	559.7323990519499	0.3202875901807113	6.972808167904223	11.76879160053231
	gen7ind13	547.0917462893686	0.3117535784070689	0.8548921512843588	1.5581335485615653	0.8337562338663346	4615.378810278243	120.6304798007944	0.5273368696446008	6.715321081888355	11.354477660736526
	gen6ind17	547.2807602614182	0.3777744352286864	0.815945607969196	1.4989922808510565	0.8298140885289181	4663.4534445986665	701.6011172380363	0.3661313628412748	6.994294554429057	11.82610903175528
	gen6ind12	547.9262996042493	0.3748027107898736	0.8266040381103559	1.425568528795092	0.8387148956689501	4679.492262176511	460.77981021723883	0.3661313628412748	6.992571394056144	11.796332174531125
	gen7ind8	549.9714962226366	0.3493034556214947	0.8137058842437503	1.537631238155883	0.8298140885289181	4697.098350417611	262.8746325478169	0.4311151618137395	6.7677755098442836	11.714654958882893
	gen4ind16	550.6867467519533	0.39051124352602673	0.8478105170496631	1.5698239133210026	0.8150856436072609	4629.054208720228	177.04237384506575	0.39797481812091806	6.8994325824571305	11.796332174531125
	gen6ind16	551.0542206964212	0.39051124352602673	0.8360483752577219	1.5698239133210026	0.8150856436072609	4670.291143819659	177.04237384506575	0.15043113811018208	6.8994325824571305	11.796332174531125
	gen7ind6	557.0631072495128	0.39051124352602673	0.8405952266039842	1.5698239133210026	0.8278430158602099	4629.054208720228	238.1357105276406	0.5701947784602366	6.829240260614533	11.74022151029656
	gen5ind17	559.9553326792582	0.385515387381213	0.8137058842437503	1.488275866576151	0.8298140885289181	4675.085142786131	1695.0666754519084	0.4616084621457852	6.893595259280161	11.907162067546238
	gen6ind6	560.7434413985036	0.37176895172927815	0.7911127314208272	1.5061923856815724	0.8298140885289181	4697.098350417611	262.8746325478169	0.604467475868149	6.8452174242519614	11.68515988862277
	gen5ind19	561.4619203829847	0.39423444783706163	0.8194616242352452	1.4989922808510565	0.8302485765184231	4629.054208720228	1067.3976171238814	0.6076965836257494	6.9669605807601105	11.699149079405599
	gen4ind7	563.2551796599704	0.389291939962658	0.7911127314208272	1.428897385266543	0.8298140885289181	4697.098350417611	460.77981021723883	0.3661313628412748	6.9669605807601105	11.68515988862277
	gen6ind1	576.4004777862226	0.385515387381213	0.8024093078322887	1.488275866576151	0.8298140885289181	4675.085142786131	1695.0666754519084	0.4616084621457852	6.930277920020136	11.796160978084504
	gen2ind2	577.080352936749	0.389291939962658	0.7911127314208272	1.4281606483811105	0.8298140885289181	4697.098350417611	460.77981021723883	0.3661313628412748	6.9669605807601105	11.796332174531125
	gen10ind13	587.1196794215745	0.3955172135923314	0.8847110263721201	1.5106076535668462	0.8306983344727765	4683.099109885761	771.1686920767697	0.16398326625009035	6.8605791903220545	11.771829184113557
	gen10ind4	591.1597721707406	0.3505227591848634	0.8785296582130273	1.546798948721295	0.8305823808685198	4662.699114539173	306.26298380259766	0.021178016844672576	6.819584488212974	11.716800680424054
	gen7ind7	597.2344104615723	0.39051124352602673	0.7907195789750268	1.4718022858989674	0.8207805204455012	4669.913978789913	556.4515417074614	0.7394423437009372	6.9646504039571555	11.879266652725416
	gen3ind12	601.9274597800538	0.30430716978499905	0.8384041247689424	1.4341384161675204	0.8328872578873248	4595.07571012683	3117.3243095606354	0.3532149318108728	6.950654209049197	11.87159093588556
	gen1ind7	605.8422252748746	0.39375703732695305	0.8416295213109648	1.44451704865087	0.7932309311545135	4677.8495230917515	3855.399778710532	0.8634147240013078	6.800855835144745	11.256545697283572
	gen7ind4	607.1227918300469	0.3117535784070689	0.8337103729052835	1.5581335485615653	0.8337562338663346	4615.378810278243	275.244093557905	0.6590706262715623	6.715321081888355	11.411317957204432
	gen4ind6	615.7304701038979	0.30430716978499905	0.8459429736412214	1.4643541018372659	0.8328872578873248	4577.641953851171	2666.8450927072245	0.5120205115664329	6.950654209049197	11.87159093588556
	gen1ind1	618.8350626259319	0.3199274900301287	0.8248715122189763	1.4341384161675204	0.8328872578873248	4560.447577381143	3117.3243095606354	0.3532149318108728	6.950654209049197	11.87159093588556
	gen8ind11	627.7382344461188	0.3114487525162267	0.8938082602909274	1.5853711646616584	0.833046221704405	4615.378810278243	267.1681711350477	0.8363453733798221	6.821937920767788	11.677224745634508
	gen5ind2	631.9161859396053	0.30430716978499905	0.8459429736412214	1.4061091621899637	0.8328872578873248	4577.641953851171	2666.8450927072245	0.48333353288128694	6.950654209049197	11.816004792931384
	gen6ind15	637.8687918023234	0.3894618674929273	0.7911127314208272	1.426850390655866	0.8387148956689501	4694.385238806393	460.77981021723883	0.3661313628412748	6.992571394056144	11.749724412715427
	gen8ind12	645.0990116861212	0.3542459634958984	0.894895163297611	1.599755648888416	0.8322196491871312	4643.045192840118	267.2649584775171	0.842803588895023	6.723474267743812	11.610648967321968
	gen5ind11	645.3987473858338	0.389291939962658	0.7911127314208272	1.4281606483811105	0.8387148956689501	4680.109101120912	460.77981021723883	0.3661313628412748	6.992571394056144	11.796332174531125
	gen4ind11	670.7954659942525	0.38932927178193527	0.8929373025953846	1.487946255134427	0.810688984162258	4675.015115601395	2351.365968958228	0.9792892027754891	6.779501781994366	11.418204057631918
	gen4ind2	711.3149729447393	0.38295813836313675	0.8837921252562958	1.4233256999258708	0.7932309311545135	4677.8495230917515	2508.8042633275577	0.13426413296824802	6.75803844020985	11.412271221695772
	gen4ind15	724.9262589408106	0.38295813836313675	0.8260280695286436	1.410574706186762	0.7718810749653175	4682.332354828514	3649.3842717494917	0.01158186862475541	6.766191626065307	11.152297269201842
	gen5ind7	737.9521860131902	0.38295813836313675	0.8837921252562958	1.438351118976439	0.7912598584858053	4677.232684147351	2508.8042633275577	0.10084287230102562	6.732427626913817	11.595204281799182
	gen3ind18	752.3349309733921	0.3958501092091563	0.8823651198811835	1.44451704865087	0.7932309311545135	4658.500835011275	2508.8042633275577	0.6456279351305733	6.732427626913817	11.152297269201842
	gen3ind15	757.5301086146085	0.33448881873288117	0.8936351343655511	1.5751753539475657	0.8096912167536312	4567.62716019901	790.7476672254808	0.7706227373799417	6.966041593434335	11.539921593455068
	gen5ind13	763.1028998041986	0.38295813836313675	0.8927107102666226	1.44451704865087	0.7912598584858053	4666.6261968121435	2508.8042633275577	0.24583984435142386	6.732427626913817	11.595204281799182
	gen4ind8	764.0001806117542	0.38295813836313675	0.8837921252562958	1.44451704865087	0.7912598584858053	4684.687222312745	2508.8042633275577	0.012205498746895749	6.732427626913817	11.595204281799182
	gen0ind18	766.0068093378043	0.33448881873288117	0.8672677410357851	1.5541974875912197	0.7872688728764219	4571.28577981257	790.7476672254808	0.7706227373799417	6.986884251485115	11.539921593455068
	gen2ind19	781.8754660869645	0.38295813836313675	0.8837921252562958	1.44451704865087	0.7932309311545135	4677.8495230917515	2508.8042633275577	0.13426413296824802	6.732427626913817	11.374641841018553
	gen5ind1	823.6173258315177	0.38295813836313675	0.879487249885436	1.4435326471098882	0.79608624976708	4688.128406059557	2698.122363822518	0.01158186862475541	6.704255033826158	11.152297269201842
	gen3ind13	837.9799283271864	0.38295813836313675	0.8823651198811835	1.44451704865087	0.7932309311545135	4697.752819722487	3674.6852080688036	0.13303872499690395	6.732427626913817	11.152297269201842
	gen5ind10	845.3003902500109	0.3117535784070689	0.894895163297611	1.5935493647965382	0.8337562338663346	4641.701776657173	1237.96836403602	0.732595683624127	6.8023454816920665	11.09701547151202
	gen0ind17	846.9392749285573	0.38295813836313675	0.8823651198811835	1.44451704865087	0.7932309311545135	4677.8495230917515	2508.8042633275577	0.01158186862475541	6.732427626913817	11.152297269201842
	gen2ind10	886.3007827131771	0.38295813836313675	0.8402025159358526	1.445990522421735	0.7718810749653175	4682.332354828514	3507.5155535634053	0.01158186862475541	6.732427626913817	11.152297269201842
	gen4ind17	886.9660478342857	0.38394005006646686	0.8402025159358526	1.445990522421735	0.7718810749653175	4684.565105223801	3517.1261683061166	0.01158186862475541	6.732427626913817	11.152297269201842
	gen2ind17	895.9201012034665	0.3755412311973221	0.8567072190555226	1.504948419990361	0.7652667340225353	4698.798498724511	3971.741696248253	0.5087208185961438	6.92730491634132	11.722572007554
	gen4ind13	959.5351094682692	0.3892880017091187	0.8823651198811835	1.44451704865087	0.7653080525638325	4689.701636904049	3752.554958296075	0.719966014999749	6.742460241963372	11.195835407501267
	gen3ind9	964.5351962699596	0.3508333685859457	0.8851334193910645	1.4704510327485436	0.8053044882694702	4628.809974542342	30.233996810670078	1.474677635873764	6.8265759370749155	11.684110846061996
	gen5ind0	968.0354502110719	0.37029841167117283	0.8854840653498373	1.487946255134427	0.8167994759203059	4683.02578438968	30.233996810670078	1.474677635873764	6.882203364668196	11.526545169943418
	gen3ind2	968.3738339607257	0.3843616503522437	0.8663708043247554	1.4163224951838895	0.8030871100792093	4672.752315307342	2036.038667241103	1.5596948226013851	6.8265759370749155	11.499383260565516
	gen3ind3	984.7125104792998	0.37029841167117283	0.8972386332344027	1.487946255134427	0.8277268321466795	4658.628127203919	30.233996810670078	1.474677635873764	6.882203364668196	11.84856262260806
	gen2ind9	1001.68452493666	0.34276475013954233	0.8982175635855159	1.487946255134427	0.8277268321466795	4628.809974542342	30.233996810670078	1.474677635873764	6.8265759370749155	11.684110846061996
	gen2ind3	1001.948696517839	0.3755412311973221	0.8239976246641284	1.4592963872297706	0.7908263006803053	4651.3370531610535	3444.797563313445	1.181025883512428	6.92730491634132	11.488799587919381
	gen5ind5	1008.3898814563839	0.36741188734237573	0.8602253603408495	1.480980967193502	0.8262883149030664	4638.936293005856	45.48688235021996	1.3938140531470846	6.8265759370749155	11.684110846061996
	gen2ind18	1008.7083926547513	0.3943545630019605	0.8653918739736423	1.480980967193502	0.8167257627197363	4661.91674644644	1112.0808356997848	1.3938140531470846	6.8265759370749155	11.684110846061996
	gen3ind7	1010.0234410927612	0.3625104262995742	0.8843047879159044	1.424880543571995	0.7802205472304967	4681.649255099729	2638.663330308117	1.6745145878743883	6.918597493828362	11.414665976655682
	gen2ind7	1011.3761427432976	0.36682090147033	0.8507746986500537	1.4081550983367273	0.8117169189455098	4661.91674644644	332.4973923996839	1.3938140531470846	6.781416096063309	11.684110846061996
	gen5ind15	1023.0168126693395	0.38932927178193527	0.8929373025953846	1.4578886460369067	0.810688984162258	4675.392280631142	2351.365968958228	1.0042620638627444	6.779501781994366	11.36278911112436
	gen2ind1	1030.767840404912	0.36682090147033	0.8929373025953846	1.487946255134427	0.8167257627197363	4675.015115601395	1112.0808356997848	1.3938140531470846	6.8265759370749155	11.684110846061996
	gen1ind11	1030.767840404912	0.36682090147033	0.8929373025953846	1.487946255134427	0.8167257627197363	4675.015115601395	1112.0808356997848	1.3938140531470846	6.8265759370749155	11.684110846061996
	gen2ind11	1031.5164878423413	0.36682090147033	0.8929373025953846	1.487946255134427	0.8167257627197363	4682.981503924051	1112.0808356997848	1.3938140531470846	6.8265759370749155	11.684110846061996
	gen3ind1	1034.503372770052	0.36682090147033	0.8663708043247554	1.4757059684686362	0.7952757131853663	4661.91674644644	1112.0808356997848	1.3938140531470846	6.814360089400836	11.684110846061996
	gen0ind5	1036.6431265493145	0.36682090147033	0.8663708043247554	1.480980967193502	0.8167257627197363	4661.91674644644	1112.0808356997848	1.3938140531470846	6.8265759370749155	11.684110846061996
	gen1ind2	1036.9773745769025	0.3625104262995742	0.8843047879159044	1.4017915945059958	0.7599915675953679	4678.626831687679	2638.663330308117	1.2206049489367916	6.976072374669016	11.629861298100352
	gen4ind5	1045.8542846664627	0.322095967699353	0.8913246043243734	1.487946255134427	0.8167257627197363	4675.015115601395	743.0431011248365	1.138714157051867	6.901475124027142	11.991633465362991
	gen5ind16	1050.0933703645946	0.37029841167117283	0.8877673829675541	1.487946255134427	0.8233349288549097	4658.628127203919	1489.3563533559884	1.474677635873764	6.890356550523652	11.84856262260806
	gen3ind10	1058.4040685013165	0.37769646878269997	0.8567072190555226	1.4990223668632536	0.8241369230457232	4642.982010540434	2954.44134500371	1.3518424151054869	6.963581792590991	11.515924361900204
	gen4ind12	1059.9216432330777	0.367358136624206	0.8942337469917849	1.487946255134427	0.8165243125046333	4685.185341156841	889.2622948617086	1.737924927722224	6.729137292361164	11.79467724545255
	gen0ind8	1075.8708447808615	0.3625104262995742	0.8843047879159044	1.424880543571995	0.7599915675953679	4689.588647535385	2638.663330308117	1.6745145878743883	6.918597493828362	11.342571350352218
	gen2ind0	1076.6596074414585	0.3647273018339876	0.8929373025953846	1.487946255134427	0.8167257627197363	4667.751584881182	1112.0808356997848	1.737924927722224	6.8265759370749155	11.79467724545255
	gen3ind17	1080.3218303396843	0.3647273018339876	0.8898468047260355	1.487946255134427	0.8167257627197363	4692.149242066944	2951.2595381325177	1.737924927722224	6.8265759370749155	11.79467724545255
	gen2ind6	1083.0065223534216	0.37769646878269997	0.8567072190555226	1.504948419990361	0.7936338315847196	4642.982010540434	2954.44134500371	1.181025883512428	6.92730491634132	11.515924361900204
	gen3ind4	1084.1656904868648	0.3755412311973221	0.8239976246641284	1.4592963872297706	0.7543784555343269	4684.092411761825	3444.797563313445	1.8416757115441857	6.911276558730902	11.488799587919381
	gen3ind6	1089.687811798959	0.37769646878269997	0.8780448523579925	1.504948419990361	0.7936338315847196	4642.982010540434	2954.44134500371	1.5865758154489684	6.92730491634132	11.558937188434527
	gen4ind14	1094.4850738945104	0.38244262507962334	0.8530966084067637	1.591538516562781	0.8298140885289181	4627.63700497505	523.3193399688207	1.1146214124727312	6.94650673753768	11.937761037038797
	gen2ind4	1118.8758581004806	0.36682090147033	0.8663708043247554	1.5554971252663359	0.8167257627197363	4630.6813900396855	1112.0808356997848	1.3938140531470846	6.8265759370749155	11.684110846061996
	gen1ind14	1156.199374921514	0.3274289285357468	0.8672677410357851	1.5541974875912197	0.7872688728764219	4558.926771042947	790.7476672254808	1.3427530489657873	6.986884251485115	11.712026521345178
	gen3ind14	1159.3966767837726	0.3274289285357468	0.8672677410357851	1.5541974875912197	0.7872688728764219	4558.926771042947	790.7476672254808	1.3427530489657873	6.986884251485115	11.600854235436824
	gen2ind15	1160.4871199095894	0.3274289285357468	0.8403458535964794	1.5604454449730456	0.7850508389564215	4558.926771042947	790.7476672254808	1.3427530489657873	6.919530874917663	11.712026521345178
	gen3ind0	1181.1058227871963	0.3769930834424459	0.8837921252562958	1.44451704865087	0.7600334658375321	4677.8495230917515	2943.2391220134787	0.13426413296824802	6.7268623758408115	11.03681072104223
	gen1ind17	1204.1920688123091	0.34982757632595496	0.8567072190555226	1.504948419990361	0.7628931440318452	4651.3370531610535	3575.275914132797	1.181025883512428	6.922292046824006	11.613864886358138
	gen0ind9	1208.4265010285594	0.3498775477373492	0.8559915714973176	1.539813699467594	0.7999472444752052	4598.207400024337	1279.4945950162053	1.938653365155688	6.983455600414101	11.428589631790116
	gen0ind13	1212.0177982444814	0.3755412311973221	0.8567072190555226	1.504948419990361	0.7652667340225353	4651.3370531610535	2954.44134500371	1.181025883512428	6.92730491634132	11.488799587919381
	gen2ind8	1256.302868853415	0.3498775477373492	0.8418224711977282	1.5333510061876856	0.8098142001001432	4641.147157087649	1177.7165605813989	1.938653365155688	6.983455600414101	11.304192802597775
	gen2ind14	1308.1348872638234	0.38749382763624957	0.831346803154797	1.5054302583656372	0.8412315141709235	4694.419110250175	3919.0940213410254	1.7551109383685355	6.730320878692368	11.699190727113908
	gen3ind19	1339.8654688479753	0.35279719199260595	0.8105699554069491	1.4339670512011387	0.7560622353771378	4645.523569537887	2839.9788511226657	2.117371808337682	6.707995931565658	11.049677334663407
	gen1ind10	1343.956928767634	0.39933899866409794	0.831346803154797	1.5054302583656372	0.8477756770755144	4671.4386568095915	3919.0940213410254	1.7551109383685355	6.73987144315023	11.699190727113908
	gen4ind4	1344.0245496207592	0.35279719199260595	0.8403285708230595	1.4339670512011387	0.7503308320857733	4674.717726154711	3211.761031303153	2.117371808337682	6.717578387251274	11.107865406589548
	gen3ind5	1349.8989311723576	0.3637784678398286	0.8220814353899388	1.4339670512011387	0.7503308320857733	4695.015054437711	2521.8739725161845	2.248995454261912	6.707995931565658	11.119015005499906
	gen0ind12	1350.3681056280357	0.35279719199260595	0.8105699554069491	1.4339670512011387	0.753081206238092	4695.015054437711	1980.9505530716272	2.117371808337682	6.707995931565658	11.119015005499906
	gen2ind16	1350.5356715278442	0.35279719199260595	0.8220814353899388	1.4339670512011387	0.7503308320857733	4695.015054437711	1980.9505530716272	2.117371808337682	6.707995931565658	11.119015005499906
	gen4ind3	1357.4468347879802	0.3436817737280314	0.8220814353899388	1.4339670512011387	0.7503308320857733	4695.015054437711	1980.9505530716272	2.117371808337682	6.755070086646207	11.119015005499906
	gen3ind8	1385.477027568551	0.38670885761594576	0.861400630344257	1.5060200581335847	0.7509281175401339	4681.571951659416	2344.2272323958277	0.01158186862475541	6.732427626913817	11.07251506193165
	gen3ind16	1418.4589068345842	0.3463898046209426	0.8220814353899388	1.4339670512011387	0.7503308320857733	4695.015054437711	1980.9505530716272	2.4961320899881128	6.707995931565658	11.021188900815556
	gen1ind9	1427.3694992457704	0.34641641805000556	0.8812859588768687	1.4587311043239024	0.7599915675953679	4687.407663777251	3923.445889399394	2.6728170749660847	6.861205952623412	11.342571350352218
	gen3ind11	1443.3584045038774	0.37769646878269997	0.8476466787825657	1.504948419990361	0.7828587101449475	4642.982010540434	2954.44134500371	2.2339208533688915	6.91508906866724	11.515924361900204
	gen1ind4	1454.6529619575433	0.33908839112433664	0.8916280479261729	1.539813699467594	0.767772025086194	4598.207400024337	1279.4945950162053	2.053333607630047	6.92079323023598	11.789031208359813
	gen2ind12	1461.2458344835886	0.3575464406545419	0.8105699554069491	1.5047986836710847	0.7511873819323316	4695.015054437711	1345.1283690093226	2.117371808337682	6.707995931565658	11.119015005499906
	gen1ind15	1483.1742164295347	0.3217315826426679	0.8996880033813364	1.5263994110372034	0.7740375674139398	4566.787743711205	3752.94545077637	2.3345228739213346	6.716408319648812	11.723883783709992
	gen1ind18	1542.0697480076535	0.39750169464713603	0.80227369489662	1.5263801483230557	0.782832805036421	4694.997654470904	3336.561370802216	2.3627363370246672	6.85217749835021	11.563704149133327
	gen2ind5	1548.2764841650742	0.35279719199260595	0.8105699554069491	1.4339670512011387	0.753081206238092	4695.015054437711	1980.9505530716272	2.8814779892998748	6.707995931565658	11.119015005499906
	gen1ind6	1592.1585751399853	0.3508382208625371	0.8134239661571737	1.5666934023548715	0.7505591277832296	4675.0615860949565	3416.6078618045485	2.3627363370246672	6.85217749835021	11.563704149133327
	gen1ind13	1609.2438426380568	0.3243414567178556	0.8417621667563525	1.5591845336978731	0.7504472809179916	4589.182071968332	3540.117439671829	2.648187984728536	6.732687546892759	11.562837240447092
	gen0ind3	1631.0388304176233	0.3583232270268894	0.8134239661571737	1.5666934023548715	0.782832805036421	4675.0615860949565	3336.561370802216	2.3627363370246672	6.85217749835021	11.563704149133327
	gen0ind0	1741.0725351963536	0.30216108687407744	0.8417621667563525	1.579618788914688	0.7630988937865449	4589.182071968332	3540.117439671829	2.648187984728536	6.79831561358887	11.812497807518008
	gen1ind5	1817.6075867624763	0.30216108687407744	0.8417621667563525	1.5902500901728236	0.758357399762384	4589.182071968332	3540.117439671829	2.957214491058521	6.745340211278307	11.812497807518008
	gen1ind0	1911.3078050639683	0.3334892908288972	0.7977197392161235	1.5142851728030342	0.8051450102373223	4669.441473423174	3336.561370802216	2.3627363370246672	6.85217749835021	11.32480307376846
	gen0ind11	2185.971314462598	0.3217315826426679	0.8731215051107071	1.5194341230962782	0.7740375674139398	4553.689374556249	3752.94545077637	3.3290815531498215	6.75790558549907	11.952529040984063
	gen1ind16	2376.8226433596915	0.3249903214090093	0.8105699554069491	1.4125342226513276	0.7910565214879428	4695.015054437711	2062.39203535009	2.9220264150714703	6.719670577919596	11.310410679482995
	gen1ind12	3168.420943512546	0.33998826171825447	0.7996404599764637	1.4628934220700387	0.8090887858386456	4568.833465254568	1771.4601038449514	3.099721068201104	6.845447068072334	11.231645887844671
	gen0ind10	3563.802932335715	0.33750615634216063	0.8388162341596067	1.4581237704174268	0.8045108627918116	4582.371209076552	2278.3578105330935	3.6981543748551986	6.835704447367889	11.297011040389291
	gen0ind16	3660.5737252372915	0.3880341191008657	0.8915567541198044	1.4794175094742954	0.8110440776478691	4617.609274130808	2045.7686861996963	4.328205758432287	6.909007286242496	11.076037860376738
	gen0ind19	4059.568174448638	0.3433098958686929	0.8018485522529967	1.4628934220700387	0.8383880061919621	4576.515765682678	1771.4601038449514	3.099721068201104	6.883230325855311	11.231645887844671
	gen1ind19	4411.875071222415	0.31927671490145165	0.8603474516090078	1.5264569190914463	0.8118303788682397	4561.606915761238	1501.919269345033	4.095660551124617	6.873882129154824	11.61274239492327
	gen0ind6	4572.038672894922	0.3731588923854022	0.7929084787493567	1.5867191609164235	0.77878474739532	4662.722372786575	812.3799690493844	4.713713563784586	6.767931324533698	11.702398444106548
	gen1ind8	4640.66829223994	0.3830156501856775	0.8018485522529967	1.4628934220700387	0.8416671624686008	4613.685592830102	2172.3449597351464	3.6031286595203342	6.81320256846608	11.260557064889202
	gen0ind2	4667.826950882563	0.3199274900301287	0.7963383348650955	1.4119458722854286	0.8412173645222368	4560.447577381143	3117.3243095606354	2.790335096980005	6.950654209049197	11.87159093588556
	gen0ind14	4673.320271819604	0.39933899866409794	0.831346803154797	1.5464001935859253	0.8477756770755144	4634.787231675991	3919.0940213410254	3.797150279618466	6.810598694270734	11.929413289974622
	gen0ind7	5055.097388422694	0.3088043551749543	0.8461783513094184	1.5264569190914463	0.8216973344931778	4604.546672824551	1501.919269345033	4.095660551124617	6.873882129154824	11.61274239492327
	gen0ind1	6246.155586632551	0.32587335880133766	0.8252987651734222	1.4001319608866862	0.8098911444243377	4640.09682781749	307.01146914765707	4.88582219896302	6.787217473625348	11.010997437189646
	gen1ind3	6384.5460882749685	0.3088043551749543	0.8457298829539036	1.4898486588925874	0.8364257794148351	4604.546672824551	1662.5858535821849	4.407256209008188	6.793727971949724	11.684837021226734
